Rep	Year	RepSeason	NInds	NInd_stage1	NInd_stage2	NJuvs	NOccupCells	Occup/Suit	min_X	max_X	min_Y	max_Y
0	0	0	6750	4500	2250	10370	1660	0.250339	0	1290	0	2570
0	1	0	10156	7567	2589	13097	1514	0.228322	0	1290	0	2570
0	2	0	11896	8450	3446	13608	1595	0.240537	0	1290	0	2570
0	3	0	13512	9085	4427	15259	1810	0.27296	0	1290	0	2570
0	4	0	15105	9930	5175	17160	2021	0.304781	0	1290	0	2570
0	5	0	16431	10781	5650	19055	2259	0.340673	0	1290	0	2570
0	6	0	17923	11767	6156	21727	2553	0.38501	0	1290	0	2570
0	7	0	19417	12940	6477	24139	2799	0.422108	0	1290	0	2570
0	8	0	20711	13989	6722	26188	3017	0.454984	0	1290	0	2570
0	9	0	22026	14965	7061	28619	3271	0.493289	0	1290	0	2570
0	10	0	23306	16112	7194	30651	3445	0.519529	0	1290	0	2570
0	11	0	24266	16865	7401	32429	3596	0.542301	0	1290	0	2570
0	12	0	25352	17716	7636	33791	3708	0.559192	0	1290	0	2570
0	13	0	25911	18124	7787	34895	3845	0.579852	0	1290	0	2570
0	14	0	26601	18655	7946	36186	3985	0.600965	0	1290	0	2570
0	15	0	27122	19157	7965	37336	4019	0.606093	0	1290	0	2570
0	16	0	27234	19120	8114	37764	4088	0.616498	0	1270	0	2570
0	17	0	27828	19716	8112	38196	4163	0.627809	0	1260	0	2570
0	18	0	27739	19715	8024	38709	4127	0.62238	0	1230	0	2570
0	19	0	28088	20173	7915	39115	4164	0.62796	0	1230	0	2570
0	20	0	28507	20423	8084	39471	4235	0.638667	0	1230	0	2570
0	21	0	28827	20586	8241	40336	4271	0.644096	0	1260	0	2570
0	22	0	29257	21025	8232	40957	4322	0.651787	0	1260	0	2570
0	23	0	29357	21049	8308	40804	4353	0.656462	0	1260	0	2570
0	24	0	29343	21009	8334	41433	4358	0.657216	0	1260	0	2570
0	25	0	29538	21343	8195	41724	4409	0.664907	0	1260	0	2570
0	26	0	29591	21286	8305	41492	4395	0.662796	0	1260	0	2570
0	27	0	29709	21259	8450	41158	4374	0.659629	0	1260	0	2570
0	28	0	29754	21194	8560	41723	4407	0.664606	0	1260	0	2570
0	29	0	29760	21279	8481	41357	4411	0.665209	0	1260	0	2570
0	30	0	29586	21183	8403	40749	4332	0.653295	0	1260	0	2570
0	31	0	29712	21285	8427	41459	4360	0.657518	0	1260	0	2570
0	32	0	29549	21252	8297	40721	4370	0.659026	0	1260	0	2570
0	33	0	29707	21301	8406	41088	4352	0.656311	0	1260	0	2570
0	34	0	29579	21149	8430	40489	4336	0.653898	0	1260	0	2570
0	35	0	29259	20860	8399	41417	4377	0.660081	0	1260	0	2570
0	36	0	29621	21284	8337	41277	4358	0.657216	0	1080	0	2570
0	37	0	29791	21407	8384	41815	4381	0.660685	0	1080	0	2570
0	38	0	29789	21266	8523	42215	4416	0.665963	0	1080	0	2570
0	39	0	30106	21627	8479	42627	4488	0.676821	0	1070	0	2570
0	40	0	30139	21554	8585	41875	4429	0.667923	0	1080	0	2570
0	41	0	30111	21530	8581	41996	4461	0.672749	0	1080	0	2570
0	42	0	30232	21639	8593	41401	4434	0.668677	0	1080	0	2570
0	43	0	29885	21356	8529	41705	4376	0.659931	0	1080	0	2570
0	44	0	29842	21379	8463	41137	4354	0.656613	0	1070	0	2570
0	45	0	29946	21528	8418	41680	4418	0.666265	0	1070	0	2570
0	46	0	29922	21385	8537	41202	4399	0.663399	0	1070	0	2570
0	47	0	30119	21445	8674	41564	4448	0.670789	0	1070	0	2570
0	48	0	30094	21462	8632	42401	4436	0.668979	0	1080	0	2570
0	49	0	30256	21634	8622	41665	4410	0.665058	0	1080	0	2570
0	50	0	30050	21423	8627	0	4411	0.665209	0	1080	0	2570
1	0	0	6750	4500	2250	10544	1675	0.252601	0	1290	0	2570
1	1	0	10153	7570	2583	13228	1547	0.233298	0	1290	0	2570
1	2	0	12006	8529	3477	14020	1671	0.251998	0	1290	0	2570
1	3	0	13526	9096	4430	15628	1914	0.288644	0	1290	0	2570
1	4	0	15001	10020	4981	18136	2207	0.332831	0	1290	0	2570
1	5	0	16859	11309	5550	21180	2466	0.37189	0	1290	0	2570
1	6	0	18675	12741	5934	24241	2817	0.424823	0	1290	0	2570
1	7	0	20433	14126	6307	26953	3091	0.466144	0	1290	0	2570
1	8	0	21924	15179	6745	29967	3296	0.497059	0	1290	0	2570
1	9	0	23035	16106	6929	31576	3485	0.525562	0	1290	0	2570
1	10	0	24102	17013	7089	33519	3681	0.55512	0	1290	0	2570
1	11	0	24819	17671	7148	34720	3817	0.57563	0	1290	0	2570
1	12	0	25407	18197	7210	35648	3903	0.588599	0	1290	0	2570
1	13	0	25825	18464	7361	37362	4014	0.605339	0	1290	0	2570
1	14	0	26279	18985	7294	38601	4083	0.615744	0	1290	0	2570
1	15	0	26902	19663	7239	39152	4170	0.628864	0	1290	0	2570
1	16	0	27291	19788	7503	38828	4179	0.630222	0	1290	0	2570
1	17	0	27690	19985	7705	39722	4227	0.63746	0	1290	0	2570
1	18	0	27612	19877	7735	38963	4225	0.637159	0	1290	0	2570
1	19	0	28097	20297	7800	40173	4273	0.644397	0	1290	0	2570
1	20	0	28228	20313	7915	40240	4319	0.651335	0	1290	0	2570
1	21	0	28316	20408	7908	40930	4292	0.647263	0	1290	0	2570
1	22	0	28387	20623	7764	41243	4326	0.65239	0	1290	0	2570
1	23	0	28178	20318	7860	40220	4331	0.653144	0	1290	10	2570
1	24	0	28325	20468	7857	40372	4307	0.649525	0	1290	10	2570
1	25	0	28456	20586	7870	40519	4326	0.65239	0	1290	10	2570
1	26	0	28573	20648	7925	41204	4384	0.661137	0	1290	10	2570
1	27	0	28446	20496	7950	40409	4380	0.660534	0	1290	0	2570
1	28	0	28613	20569	8044	41061	4361	0.657669	0	1290	0	2570
1	29	0	28605	20579	8026	40546	4327	0.652541	0	1290	0	2570
1	30	0	28668	20487	8181	41372	4340	0.654502	0	1290	0	2570
1	31	0	28827	20784	8043	40509	4327	0.652541	0	1290	0	2570
1	32	0	28699	20637	8062	41402	4377	0.660081	0	1290	0	2570
1	33	0	28762	20712	8050	40770	4365	0.658272	0	1290	0	2570
1	34	0	28560	20524	8036	40703	4346	0.655406	0	1290	0	2570
1	35	0	28523	20506	8017	40442	4314	0.650581	0	1290	0	2570
1	36	0	28427	20412	8015	41012	4339	0.654351	0	1290	0	2570
1	37	0	28603	20713	7890	40619	4327	0.652541	0	1290	0	2570
1	38	0	28517	20521	7996	40209	4326	0.65239	0	1290	0	2570
1	39	0	28302	20493	7809	40342	4320	0.651485	0	1290	0	2570
1	40	0	28515	20616	7899	41269	4346	0.655406	0	1290	0	2570
1	41	0	28826	20947	7879	41623	4374	0.659629	0	1290	0	2570
1	42	0	28948	20969	7979	41665	4413	0.66551	0	1290	0	2570
1	43	0	28884	20911	7973	41171	4392	0.662344	0	1290	0	2570
1	44	0	28837	20905	7932	41121	4349	0.655859	0	1290	0	2570
1	45	0	28940	20903	8037	41174	4372	0.659327	0	1290	0	2570
1	46	0	28739	20659	8080	40581	4377	0.660081	0	1290	0	2570
1	47	0	28900	20745	8155	41332	4386	0.661439	0	1290	0	2570
1	48	0	29085	20960	8125	41182	4363	0.65797	0	1290	0	2570
1	49	0	28869	20805	8064	40581	4308	0.649676	0	1290	0	2570
1	50	0	28814	20844	7970	0	4356	0.656914	0	1290	0	2570
