Rep	Year	RepSeason	NInds	NInd_stage1	NInd_stage2	NInd_stage3	NInd_stage4	NJuvs	NOccupPatches	Occup/Suit	min_X	max_X	min_Y	max_Y
0	0	0	40	0	0	20	20	232	1	0.00943396	3.6661e+06	3.7541e+06	2.7443e+06	2.7843e+06
0	1	0	246	232	0	8	6	69	1	0.00943396	3.6661e+06	3.7541e+06	2.7443e+06	2.7843e+06
0	2	0	171	69	99	1	2	21	1	0.00943396	3.6661e+06	3.7541e+06	2.7443e+06	2.7843e+06
0	3	0	126	21	36	68	1	293	1	0.00943396	3.6661e+06	3.7541e+06	2.7443e+06	2.7843e+06
0	4	0	363	293	15	45	10	257	1	0.00943396	3.6661e+06	3.7541e+06	2.7443e+06	2.7843e+06
0	5	0	404	257	118	18	11	141	1	0.00943396	3.6661e+06	3.7541e+06	2.7443e+06	2.7843e+06
0	6	0	345	141	105	91	8	447	1	0.00943396	3.6661e+06	3.7541e+06	2.7443e+06	2.7843e+06
0	7	0	625	447	64	95	19	485	1	0.00943396	3.6661e+06	3.7541e+06	2.7443e+06	2.7843e+06
0	8	0	733	485	165	63	20	334	1	0.00943396	3.6661e+06	3.7541e+06	2.7443e+06	2.7843e+06
0	9	0	670	334	190	133	13	581	1	0.00943396	3.6661e+06	3.7541e+06	2.7443e+06	2.7843e+06
0	10	0	906	581	131	172	22	824	1	0.00943396	3.6661e+06	3.7541e+06	2.7443e+06	2.7843e+06
0	11	0	1201	824	213	137	27	612	1	0.00943396	3.6661e+06	3.7541e+06	2.7443e+06	2.7843e+06
0	12	0	1180	612	349	192	27	863	1	0.00943396	3.6661e+06	3.7541e+06	2.7443e+06	2.7843e+06
0	13	0	1463	863	267	299	34	1257	2	0.0188679	3.6661e+06	3.7541e+06	2.7003e+06	2.7843e+06
0	14	0	1947	1257	370	258	62	1200	1	0.00943396	3.6661e+06	3.7541e+06	2.7443e+06	2.7843e+06
0	15	0	2101	1200	541	315	45	1247	1	0.00943396	3.6661e+06	3.7541e+06	2.7443e+06	2.7843e+06
0	16	0	2204	1247	461	439	57	1710	2	0.0188679	3.6661e+06	3.7541e+06	2.7003e+06	2.7843e+06
0	17	0	2737	1710	513	430	84	1669	2	0.0188679	3.6661e+06	3.7541e+06	2.7003e+06	2.7843e+06
0	18	0	2941	1669	716	446	110	1787	4	0.0377358	3.6661e+06	3.7861e+06	2.7003e+06	2.8043e+06
0	19	0	3219	1787	715	619	98	2236	4	0.0377358	3.6661e+06	3.7861e+06	2.7003e+06	2.8043e+06
0	20	0	3742	2236	721	675	110	2318	3	0.0283019	3.6661e+06	3.7861e+06	2.7003e+06	2.7843e+06
0	21	0	4057	2318	928	663	148	2284	4	0.0377358	3.6661e+06	3.7861e+06	2.7003e+06	2.8043e+06
0	22	0	4185	2284	946	796	159	2697	4	0.0377358	3.6661e+06	3.7861e+06	2.7003e+06	2.8043e+06
0	23	0	4673	2697	948	858	170	2816	4	0.0377358	3.6661e+06	3.7861e+06	2.7003e+06	2.8043e+06
0	24	0	4898	2816	1054	862	166	2824	4	0.0377358	3.6661e+06	3.7861e+06	2.7003e+06	2.8043e+06
0	25	0	5008	2824	1067	958	159	3313	4	0.0377358	3.6661e+06	3.7861e+06	2.7003e+06	2.8043e+06
0	26	0	5609	3313	1107	1010	179	3499	4	0.0377358	3.6661e+06	3.7861e+06	2.7003e+06	2.8043e+06
0	27	0	5994	3499	1308	993	194	3626	4	0.0377358	3.6661e+06	3.7861e+06	2.7003e+06	2.8043e+06
0	28	0	6421	3626	1458	1134	203	4101	4	0.0377358	3.6661e+06	3.7861e+06	2.7003e+06	2.8043e+06
0	29	0	7059	4101	1442	1275	241	4315	4	0.0377358	3.6661e+06	3.7861e+06	2.7003e+06	2.8043e+06
0	30	0	7526	4315	1613	1322	276	4796	4	0.0377358	3.6661e+06	3.7861e+06	2.7003e+06	2.8043e+06
0	31	0	8263	4796	1720	1459	288	5061	4	0.0377358	3.6661e+06	3.7861e+06	2.7003e+06	2.8043e+06
0	32	0	8810	5061	1884	1556	309	5281	4	0.0377358	3.6661e+06	3.7861e+06	2.7003e+06	2.8043e+06
0	33	0	9350	5281	2066	1678	325	5443	4	0.0377358	3.6661e+06	3.7861e+06	2.7003e+06	2.8043e+06
0	34	0	9746	5443	2038	1897	368	6061	4	0.0377358	3.6661e+06	3.7861e+06	2.7003e+06	2.8043e+06
0	35	0	10490	6061	2124	1886	419	6008	4	0.0377358	3.6661e+06	3.7861e+06	2.7003e+06	2.8043e+06
0	36	0	10567	6008	2291	1892	376	5870	4	0.0377358	3.6661e+06	3.7861e+06	2.7003e+06	2.8043e+06
0	37	0	10703	5870	2368	2046	419	6381	4	0.0377358	3.6661e+06	3.7861e+06	2.7003e+06	2.8043e+06
0	38	0	11123	6381	2179	2131	432	6376	5	0.0471698	3.6661e+06	3.8501e+06	2.7003e+06	2.8043e+06
0	39	0	11163	6376	2321	2018	448	6273	4	0.0377358	3.6661e+06	3.7861e+06	2.7003e+06	2.8043e+06
0	40	0	11156	6273	2329	2104	450	6545	4	0.0377358	3.6661e+06	3.7861e+06	2.7003e+06	2.8043e+06
0	41	0	11387	6545	2306	2068	468	6246	6	0.0566038	3.6661e+06	3.8501e+06	2.7003e+06	2.8363e+06
0	42	0	11155	6246	2423	2031	455	6264	6	0.0566038	3.6661e+06	3.8501e+06	2.7003e+06	2.8363e+06
0	43	0	11185	6264	2321	2132	468	6568	4	0.0377358	3.6661e+06	3.7861e+06	2.7003e+06	2.8043e+06
0	44	0	11341	6568	2270	2041	462	6315	6	0.0566038	3.6661e+06	3.8501e+06	2.7003e+06	2.8363e+06
0	45	0	11245	6315	2454	2049	427	6193	5	0.0471698	3.6661e+06	3.8501e+06	2.7003e+06	2.8043e+06
0	46	0	11148	6193	2364	2171	420	6488	5	0.0471698	3.6661e+06	3.8501e+06	2.7003e+06	2.8043e+06
0	47	0	11341	6488	2237	2172	444	6721	7	0.0660377	3.6661e+06	3.8501e+06	2.7003e+06	2.8523e+06
0	48	0	11526	6721	2326	2021	458	6299	6	0.0566038	3.6661e+06	3.8501e+06	2.7003e+06	2.8363e+06
0	49	0	11273	6299	2403	2087	484	6551	6	0.0566038	3.6661e+06	3.8501e+06	2.7003e+06	2.8363e+06
0	50	0	11505	6551	2316	2192	446	6623	7	0.0660377	3.6661e+06	3.8501e+06	2.7003e+06	2.8523e+06
0	51	0	11516	6623	2350	2083	460	6401	7	0.0660377	3.6661e+06	3.8501e+06	2.7003e+06	2.8523e+06
0	52	0	11332	6401	2394	2098	439	6426	8	0.0754717	3.6661e+06	3.8501e+06	2.7003e+06	2.8523e+06
0	53	0	11451	6426	2321	2201	503	6698	7	0.0660377	3.6661e+06	3.8501e+06	2.7003e+06	2.8523e+06
0	54	0	11634	6698	2333	2112	491	6440	7	0.0660377	3.6661e+06	3.8501e+06	2.7003e+06	2.8523e+06
0	55	0	11413	6440	2364	2140	469	6736	8	0.0754717	3.6661e+06	3.8501e+06	2.7003e+06	2.8523e+06
0	56	0	11736	6736	2419	2100	481	6448	8	0.0754717	3.6661e+06	3.8501e+06	2.7003e+06	2.8523e+06
0	57	0	11529	6448	2384	2221	476	7038	7	0.0660377	3.6661e+06	3.8501e+06	2.7003e+06	2.8523e+06
0	58	0	12052	7038	2370	2181	463	6645	8	0.0754717	3.6661e+06	3.8501e+06	2.7003e+06	2.8523e+06
0	59	0	11831	6645	2524	2182	480	6798	8	0.0754717	3.6661e+06	3.8501e+06	2.7003e+06	2.8523e+06
0	60	0	11887	6798	2392	2238	459	6826	8	0.0754717	3.6661e+06	3.8501e+06	2.7003e+06	2.8523e+06
0	61	0	11988	6826	2497	2199	466	6785	8	0.0754717	3.6661e+06	3.8501e+06	2.7003e+06	2.8523e+06
0	62	0	11977	6785	2445	2250	497	7078	9	0.0849057	3.6661e+06	3.8501e+06	2.7003e+06	2.8723e+06
0	63	0	12202	7078	2448	2179	497	6766	9	0.0849057	3.6661e+06	3.8501e+06	2.7003e+06	2.8723e+06
0	64	0	12031	6766	2602	2200	463	6955	9	0.0849057	3.6661e+06	3.8501e+06	2.7003e+06	2.8723e+06
0	65	0	12293	6955	2500	2331	507	7223	11	0.103774	3.6661e+06	3.8941e+06	2.6683e+06	2.8723e+06
0	66	0	12478	7223	2493	2263	499	7039	9	0.0849057	3.6661e+06	3.8501e+06	2.7003e+06	2.8723e+06
0	67	0	12387	7039	2636	2221	491	7216	8	0.0754717	3.6661e+06	3.8501e+06	2.7003e+06	2.8523e+06
0	68	0	12594	7216	2574	2339	465	7402	11	0.103774	3.6661e+06	3.8941e+06	2.6683e+06	2.8723e+06
0	69	0	12817	7402	2612	2305	498	7305	10	0.0943396	3.6661e+06	3.8941e+06	2.7003e+06	2.8723e+06
0	70	0	12903	7305	2710	2381	507	7461	8	0.0754717	3.6661e+06	3.8501e+06	2.7003e+06	2.8523e+06
0	71	0	13143	7461	2715	2420	547	7743	11	0.103774	3.6661e+06	3.8941e+06	2.6683e+06	2.8723e+06
0	72	0	13373	7743	2680	2439	511	7659	10	0.0943396	3.6661e+06	3.8941e+06	2.7003e+06	2.8723e+06
0	73	0	13449	7659	2818	2457	515	7702	10	0.0943396	3.6661e+06	3.8941e+06	2.7003e+06	2.8723e+06
0	74	0	13619	7702	2816	2588	513	8058	12	0.113208	3.6661e+06	3.8941e+06	2.6683e+06	2.8723e+06
0	75	0	14019	8058	2826	2577	558	8053	10	0.0943396	3.6661e+06	3.8941e+06	2.7003e+06	2.8723e+06
0	76	0	14146	8053	2956	2566	571	7822	11	0.103774	3.6661e+06	3.8941e+06	2.7003e+06	2.8843e+06
0	77	0	14071	7822	3038	2692	519	8195	13	0.122642	3.6661e+06	3.8941e+06	2.6683e+06	2.8843e+06
0	78	0	14368	8195	2844	2764	565	8473	12	0.113208	3.6661e+06	3.8941e+06	2.6683e+06	2.8843e+06
0	79	0	14631	8473	2923	2650	585	8300	12	0.113208	3.6661e+06	3.8941e+06	2.6683e+06	2.8843e+06
0	80	0	14524	8300	3007	2651	566	8256	14	0.132075	3.6661e+06	3.8941e+06	2.6683e+06	2.8843e+06
0	81	0	14533	8256	3011	2707	559	8300	15	0.141509	3.6661e+06	3.8941e+06	2.6603e+06	2.8843e+06
0	82	0	14516	8300	2908	2705	603	8575	13	0.122642	3.6661e+06	3.8941e+06	2.6683e+06	2.8843e+06
0	83	0	14838	8575	3037	2662	564	8215	14	0.132075	3.6661e+06	3.8941e+06	2.6683e+06	2.8843e+06
0	84	0	14635	8215	3073	2696	651	8880	15	0.141509	3.6661e+06	3.8941e+06	2.6603e+06	2.8843e+06
0	85	0	15228	8880	2993	2784	571	8726	15	0.141509	3.6661e+06	3.8941e+06	2.6603e+06	2.8843e+06
0	86	0	15405	8726	3317	2726	636	8737	14	0.132075	3.6661e+06	3.8941e+06	2.6683e+06	2.8843e+06
0	87	0	15536	8737	3271	2941	587	9144	15	0.141509	3.6661e+06	3.8941e+06	2.6603e+06	2.8843e+06
0	88	0	15890	9144	3239	2882	625	9185	15	0.141509	3.6661e+06	3.8941e+06	2.6603e+06	2.8843e+06
0	89	0	16055	9185	3348	2910	612	9249	17	0.160377	3.6661e+06	3.9981e+06	2.6603e+06	2.8843e+06
0	90	0	16232	9249	3414	2970	599	9151	16	0.150943	3.6661e+06	3.8941e+06	2.6603e+06	2.8843e+06
0	91	0	16315	9151	3512	3018	634	9635	17	0.160377	3.6661e+06	3.9981e+06	2.6603e+06	2.8923e+06
0	92	0	16943	9635	3426	3189	693	9869	18	0.169811	3.6661e+06	3.9981e+06	2.6603e+06	2.8923e+06
0	93	0	17007	9869	3412	3035	691	9738	18	0.169811	3.6661e+06	3.9981e+06	2.6603e+06	2.8923e+06
0	94	0	17063	9738	3539	3111	675	9774	19	0.179245	3.6661e+06	3.9981e+06	2.6603e+06	2.9283e+06
0	95	0	17218	9774	3581	3161	702	9937	20	0.188679	3.6661e+06	3.9981e+06	2.6603e+06	2.9363e+06
0	96	0	17496	9937	3617	3193	749	10323	18	0.169811	3.6661e+06	3.9981e+06	2.6603e+06	2.8923e+06
0	97	0	17857	10323	3595	3217	722	10241	19	0.179245	3.6661e+06	3.9981e+06	2.6603e+06	2.9283e+06
0	98	0	17935	10241	3703	3244	747	10474	20	0.188679	3.6661e+06	3.9981e+06	2.6603e+06	2.9363e+06
0	99	0	18257	10474	3661	3426	696	10581	20	0.188679	3.6661e+06	3.9981e+06	2.6603e+06	2.9363e+06
0	100	0	18340	10581	3740	3330	689	0	19	0.179245	3.6661e+06	3.9981e+06	2.6603e+06	2.9283e+06
1	0	0	40	0	0	20	20	203	1	0.00943396	3.6661e+06	3.7541e+06	2.7443e+06	2.7843e+06
1	1	0	216	203	0	5	8	72	1	0.00943396	3.6661e+06	3.7541e+06	2.7443e+06	2.7843e+06
1	2	0	168	72	94	2	0	5	1	0.00943396	3.6661e+06	3.7541e+06	2.7443e+06	2.7843e+06
1	3	0	106	5	35	65	1	307	1	0.00943396	3.6661e+06	3.7541e+06	2.7443e+06	2.7843e+06
1	4	0	364	307	0	41	16	250	1	0.00943396	3.6661e+06	3.7541e+06	2.7443e+06	2.7843e+06
1	5	0	398	250	125	11	12	101	1	0.00943396	3.6661e+06	3.7541e+06	2.7443e+06	2.7843e+06
1	6	0	313	101	118	92	2	397	1	0.00943396	3.6661e+06	3.7541e+06	2.7443e+06	2.7843e+06
1	7	0	565	397	43	115	10	494	1	0.00943396	3.6661e+06	3.7541e+06	2.7443e+06	2.7843e+06
1	8	0	720	494	150	58	18	336	1	0.00943396	3.6661e+06	3.7541e+06	2.7443e+06	2.7843e+06
1	9	0	675	336	206	116	17	603	1	0.00943396	3.6661e+06	3.7541e+06	2.7443e+06	2.7843e+06
1	10	0	928	603	130	165	30	813	1	0.00943396	3.6661e+06	3.7541e+06	2.7443e+06	2.7843e+06
1	11	0	1217	813	248	125	31	590	1	0.00943396	3.6661e+06	3.7541e+06	2.7443e+06	2.7843e+06
1	12	0	1192	590	386	186	30	882	1	0.00943396	3.6661e+06	3.7541e+06	2.7443e+06	2.7843e+06
1	13	0	1494	882	267	311	34	1332	1	0.00943396	3.6661e+06	3.7541e+06	2.7443e+06	2.7843e+06
1	14	0	2025	1332	363	262	68	1160	1	0.00943396	3.6661e+06	3.7541e+06	2.7443e+06	2.7843e+06
1	15	0	2085	1160	540	338	47	1362	1	0.00943396	3.6661e+06	3.7541e+06	2.7443e+06	2.7843e+06
1	16	0	2365	1362	487	464	52	1757	2	0.0188679	3.6661e+06	3.7541e+06	2.7003e+06	2.7843e+06
1	17	0	2862	1757	571	450	84	1689	2	0.0188679	3.6661e+06	3.7541e+06	2.7003e+06	2.7843e+06
1	18	0	3083	1689	776	536	82	1979	2	0.0188679	3.6661e+06	3.7541e+06	2.7003e+06	2.7843e+06
1	19	0	3438	1979	687	660	112	2308	3	0.0283019	3.6661e+06	3.7861e+06	2.7003e+06	2.7843e+06
1	20	0	3903	2308	840	633	122	2146	3	0.0283019	3.6661e+06	3.7861e+06	2.7003e+06	2.7843e+06
1	21	0	3974	2146	967	737	124	2498	2	0.0188679	3.6661e+06	3.7541e+06	2.7003e+06	2.7843e+06
1	22	0	4371	2498	879	843	151	2685	4	0.0377358	3.6661e+06	3.7861e+06	2.7003e+06	2.8043e+06
1	23	0	4640	2685	959	822	174	2733	4	0.0377358	3.6661e+06	3.7861e+06	2.7003e+06	2.8043e+06
1	24	0	4855	2733	1072	852	198	3088	4	0.0377358	3.6661e+06	3.7861e+06	2.7003e+06	2.8043e+06
1	25	0	5238	3088	1040	920	190	3286	4	0.0377358	3.6661e+06	3.7861e+06	2.7003e+06	2.8043e+06
1	26	0	5578	3286	1190	917	185	3143	4	0.0377358	3.6661e+06	3.7861e+06	2.7003e+06	2.8043e+06
1	27	0	5712	3143	1347	1025	197	3758	4	0.0377358	3.6661e+06	3.7861e+06	2.7003e+06	2.8043e+06
1	28	0	6357	3758	1240	1154	205	4042	4	0.0377358	3.6661e+06	3.7861e+06	2.7003e+06	2.8043e+06
1	29	0	6894	4042	1484	1145	223	3961	4	0.0377358	3.6661e+06	3.7861e+06	2.7003e+06	2.8043e+06
1	30	0	7126	3961	1637	1285	243	4517	4	0.0377358	3.6661e+06	3.7861e+06	2.7003e+06	2.8043e+06
1	31	0	7798	4517	1600	1438	243	4850	4	0.0377358	3.6661e+06	3.7861e+06	2.7003e+06	2.8043e+06
1	32	0	8457	4850	1811	1516	280	5069	4	0.0377358	3.6661e+06	3.7861e+06	2.7003e+06	2.8043e+06
1	33	0	8915	5069	1911	1620	315	5338	4	0.0377358	3.6661e+06	3.7861e+06	2.7003e+06	2.8043e+06
1	34	0	9359	5338	1968	1716	337	5607	4	0.0377358	3.6661e+06	3.7861e+06	2.7003e+06	2.8043e+06
1	35	0	9844	5607	2111	1767	359	5720	4	0.0377358	3.6661e+06	3.7861e+06	2.7003e+06	2.8043e+06
1	36	0	10105	5720	2152	1858	375	5916	4	0.0377358	3.6661e+06	3.7861e+06	2.7003e+06	2.8043e+06
1	37	0	10371	5916	2153	1936	366	6017	4	0.0377358	3.6661e+06	3.7861e+06	2.7003e+06	2.8043e+06
1	38	0	10653	6017	2254	1933	449	6084	4	0.0377358	3.6661e+06	3.7861e+06	2.7003e+06	2.8043e+06
1	39	0	10744	6084	2243	1981	436	6234	4	0.0377358	3.6661e+06	3.7861e+06	2.7003e+06	2.8043e+06
1	40	0	10889	6234	2252	1995	408	6175	4	0.0377358	3.6661e+06	3.7861e+06	2.7003e+06	2.8043e+06
1	41	0	10887	6175	2273	2046	393	6174	4	0.0377358	3.6661e+06	3.7861e+06	2.7003e+06	2.8043e+06
1	42	0	10973	6174	2340	2041	418	6202	4	0.0377358	3.6661e+06	3.7861e+06	2.7003e+06	2.8043e+06
1	43	0	11010	6202	2277	2099	432	6603	4	0.0377358	3.6661e+06	3.7861e+06	2.7003e+06	2.8043e+06
1	44	0	11378	6603	2257	2071	447	6327	4	0.0377358	3.6661e+06	3.7861e+06	2.7003e+06	2.8043e+06
1	45	0	11267	6327	2428	2078	434	6251	4	0.0377358	3.6661e+06	3.7861e+06	2.7003e+06	2.8043e+06
1	46	0	11149	6251	2310	2168	420	6657	4	0.0377358	3.6661e+06	3.7861e+06	2.7003e+06	2.8043e+06
1	47	0	11432	6657	2227	2106	442	6389	4	0.0377358	3.6661e+06	3.7861e+06	2.7003e+06	2.8043e+06
1	48	0	11303	6389	2384	2044	486	6335	6	0.0566038	3.6661e+06	3.8221e+06	2.7003e+06	2.8363e+06
1	49	0	11169	6335	2245	2130	459	6645	6	0.0566038	3.6661e+06	3.8221e+06	2.7003e+06	2.8363e+06
1	50	0	11401	6645	2228	2064	464	6218	6	0.0566038	3.6661e+06	3.8221e+06	2.7003e+06	2.8363e+06
1	51	0	11101	6218	2378	2044	461	6421	6	0.0566038	3.6661e+06	3.8221e+06	2.7003e+06	2.8363e+06
1	52	0	11288	6421	2296	2129	442	6496	7	0.0660377	3.6661e+06	3.8501e+06	2.7003e+06	2.8363e+06
1	53	0	11317	6496	2297	2074	450	6429	6	0.0566038	3.6661e+06	3.8221e+06	2.7003e+06	2.8363e+06
1	54	0	11297	6429	2362	2063	443	6330	6	0.0566038	3.6661e+06	3.8221e+06	2.7003e+06	2.8363e+06
1	55	0	11260	6330	2383	2154	393	6432	7	0.0660377	3.6661e+06	3.8501e+06	2.7003e+06	2.8363e+06
1	56	0	11400	6432	2381	2120	467	6616	7	0.0660377	3.6661e+06	3.8501e+06	2.7003e+06	2.8363e+06
1	57	0	11524	6616	2317	2137	454	6413	6	0.0566038	3.6661e+06	3.8221e+06	2.7003e+06	2.8363e+06
1	58	0	11486	6413	2473	2116	484	6565	8	0.0754717	3.6661e+06	3.8501e+06	2.6683e+06	2.8363e+06
1	59	0	11464	6565	2284	2176	439	6665	8	0.0754717	3.6661e+06	3.8501e+06	2.6683e+06	2.8363e+06
1	60	0	11532	6665	2364	2023	480	6255	8	0.0754717	3.6661e+06	3.8501e+06	2.7003e+06	2.8523e+06
1	61	0	11276	6255	2423	2134	464	6530	9	0.0849057	3.6661e+06	3.8501e+06	2.6683e+06	2.8723e+06
1	62	0	11426	6530	2264	2163	469	6685	8	0.0754717	3.6661e+06	3.8501e+06	2.6683e+06	2.8363e+06
1	63	0	11589	6685	2379	2075	450	6413	8	0.0754717	3.6661e+06	3.8501e+06	2.7003e+06	2.8523e+06
1	64	0	11446	6413	2448	2137	448	6624	8	0.0754717	3.6661e+06	3.8501e+06	2.7003e+06	2.8723e+06
1	65	0	11755	6624	2393	2281	457	7071	8	0.0754717	3.6661e+06	3.8501e+06	2.6683e+06	2.8363e+06
1	66	0	12096	7071	2340	2193	492	6670	7	0.0660377	3.6661e+06	3.8501e+06	2.7003e+06	2.8363e+06
1	67	0	11816	6670	2559	2114	473	6578	8	0.0754717	3.6661e+06	3.8501e+06	2.7003e+06	2.8723e+06
1	68	0	11805	6578	2491	2257	479	7170	9	0.0849057	3.6661e+06	3.8501e+06	2.6683e+06	2.8723e+06
1	69	0	12354	7170	2418	2277	489	7167	10	0.0943396	3.6661e+06	3.8501e+06	2.6683e+06	2.8723e+06
1	70	0	12500	7167	2586	2250	497	6951	9	0.0849057	3.6661e+06	3.8501e+06	2.7003e+06	2.8723e+06
1	71	0	12379	6951	2613	2304	511	7277	10	0.0943396	3.6661e+06	3.8501e+06	2.6683e+06	2.8723e+06
1	72	0	12720	7277	2580	2352	511	7323	10	0.0943396	3.6661e+06	3.8501e+06	2.6683e+06	2.8723e+06
1	73	0	12769	7323	2551	2385	510	7478	9	0.0849057	3.6661e+06	3.8501e+06	2.7003e+06	2.8723e+06
1	74	0	12959	7478	2663	2337	481	7097	11	0.103774	3.6661e+06	3.8621e+06	2.6683e+06	2.8723e+06
1	75	0	12751	7097	2741	2425	488	7662	11	0.103774	3.6661e+06	3.8621e+06	2.6683e+06	2.8723e+06
1	76	0	13240	7662	2597	2444	537	7750	11	0.103774	3.6661e+06	3.8621e+06	2.6683e+06	2.8723e+06
1	77	0	13426	7750	2761	2393	522	7502	11	0.103774	3.6661e+06	3.8621e+06	2.6683e+06	2.8723e+06
1	78	0	13302	7502	2848	2438	514	7527	11	0.103774	3.6661e+06	3.8621e+06	2.6683e+06	2.8723e+06
1	79	0	13419	7527	2799	2553	540	8289	11	0.103774	3.6661e+06	3.8621e+06	2.6683e+06	2.8723e+06
1	80	0	14142	8289	2782	2518	553	7956	11	0.103774	3.6661e+06	3.8621e+06	2.6683e+06	2.8723e+06
1	81	0	14060	7956	3020	2557	527	7975	12	0.113208	3.6661e+06	3.8621e+06	2.6683e+06	2.8923e+06
1	82	0	14236	7975	2965	2744	552	8679	11	0.103774	3.6661e+06	3.8621e+06	2.6683e+06	2.8723e+06
1	83	0	14851	8679	2917	2678	577	8341	12	0.113208	3.6661e+06	3.8901e+06	2.6683e+06	2.8723e+06
1	84	0	14777	8341	3184	2658	594	8478	14	0.132075	3.6661e+06	3.8941e+06	2.6683e+06	2.8923e+06
1	85	0	14797	8478	2969	2791	559	8816	13	0.122642	3.6661e+06	3.8941e+06	2.6683e+06	2.8723e+06
1	86	0	15349	8816	3228	2734	571	8492	14	0.132075	3.6661e+06	3.8901e+06	2.6683e+06	2.8923e+06
1	87	0	15281	8492	3236	2929	624	9278	15	0.141509	3.6661e+06	3.8941e+06	2.6683e+06	2.8923e+06
1	88	0	15886	9278	3044	2913	651	9117	16	0.150943	3.6661e+06	3.8941e+06	2.6683e+06	2.8923e+06
1	89	0	15867	9117	3328	2757	665	8646	15	0.141509	3.6661e+06	3.8901e+06	2.6683e+06	2.8923e+06
1	90	0	15669	8646	3458	2960	605	9430	15	0.141509	3.6661e+06	3.8941e+06	2.6683e+06	2.8923e+06
1	91	0	16307	9430	3163	3066	648	9552	16	0.150943	3.6661e+06	3.8941e+06	2.6683e+06	2.8923e+06
1	92	0	16509	9552	3385	2867	705	9235	16	0.150943	3.6661e+06	3.8941e+06	2.6683e+06	2.8923e+06
1	93	0	16418	9235	3528	2986	669	9429	15	0.141509	3.6661e+06	3.8941e+06	2.6683e+06	2.8923e+06
1	94	0	16668	9429	3432	3111	696	9882	16	0.150943	3.6661e+06	3.8941e+06	2.6683e+06	2.8923e+06
1	95	0	17102	9882	3446	3082	692	9611	17	0.160377	3.6661e+06	3.8941e+06	2.6603e+06	2.8923e+06
1	96	0	17049	9611	3677	3094	667	9643	16	0.150943	3.6661e+06	3.8941e+06	2.6683e+06	2.8923e+06
1	97	0	17108	9643	3489	3325	651	10215	16	0.150943	3.6661e+06	3.8941e+06	2.6683e+06	2.8923e+06
1	98	0	17727	10215	3565	3219	728	10200	17	0.160377	3.6661e+06	3.8941e+06	2.6603e+06	2.8923e+06
1	99	0	17925	10200	3765	3271	689	10417	18	0.169811	3.6661e+06	3.9021e+06	2.6603e+06	2.8923e+06
1	100	0	18207	10417	3716	3356	718	0	17	0.160377	3.6661e+06	3.9021e+06	2.6683e+06	2.8923e+06
2	0	0	40	0	0	20	20	213	1	0.00943396	3.6661e+06	3.7541e+06	2.7443e+06	2.7843e+06
2	1	0	229	213	0	6	10	70	1	0.00943396	3.6661e+06	3.7541e+06	2.7443e+06	2.7843e+06
2	2	0	167	70	94	1	2	13	1	0.00943396	3.6661e+06	3.7541e+06	2.7443e+06	2.7843e+06
2	3	0	121	13	43	64	1	297	1	0.00943396	3.6661e+06	3.7541e+06	2.7443e+06	2.7843e+06
2	4	0	357	297	9	38	13	208	1	0.00943396	3.6661e+06	3.7541e+06	2.7443e+06	2.7843e+06
2	5	0	352	208	115	15	14	147	1	0.00943396	3.6661e+06	3.7541e+06	2.7443e+06	2.7843e+06
2	6	0	322	147	93	75	7	348	1	0.00943396	3.6661e+06	3.7541e+06	2.7443e+06	2.7843e+06
2	7	0	502	348	60	82	12	418	1	0.00943396	3.6661e+06	3.7541e+06	2.7443e+06	2.7843e+06
2	8	0	645	418	151	61	15	333	1	0.00943396	3.6661e+06	3.7541e+06	2.7443e+06	2.7843e+06
2	9	0	632	333	161	121	17	571	1	0.00943396	3.6661e+06	3.7541e+06	2.7443e+06	2.7843e+06
2	10	0	891	571	142	152	26	733	1	0.00943396	3.6661e+06	3.7541e+06	2.7443e+06	2.7843e+06
2	11	0	1157	733	244	154	26	685	1	0.00943396	3.6661e+06	3.7541e+06	2.7443e+06	2.7843e+06
2	12	0	1246	685	322	215	24	938	1	0.00943396	3.6661e+06	3.7541e+06	2.7443e+06	2.7843e+06
2	13	0	1568	938	310	279	41	1251	1	0.00943396	3.6661e+06	3.7541e+06	2.7443e+06	2.7843e+06
2	14	0	1982	1251	401	277	53	1202	1	0.00943396	3.6661e+06	3.7541e+06	2.7443e+06	2.7843e+06
2	15	0	2158	1202	533	363	60	1485	1	0.00943396	3.6661e+06	3.7541e+06	2.7443e+06	2.7843e+06
2	16	0	2537	1485	514	477	61	1743	2	0.0188679	3.6661e+06	3.7581e+06	2.7443e+06	2.8043e+06
2	17	0	2954	1743	634	476	101	1811	3	0.0283019	3.6661e+06	3.7861e+06	2.7443e+06	2.8043e+06
2	18	0	3154	1811	720	530	93	1925	3	0.0283019	3.6661e+06	3.7581e+06	2.7003e+06	2.8043e+06
2	19	0	3479	1925	820	627	107	2225	4	0.0377358	3.6661e+06	3.7861e+06	2.7003e+06	2.8043e+06
2	20	0	3876	2225	787	731	133	2436	4	0.0377358	3.6661e+06	3.7861e+06	2.7003e+06	2.8043e+06
2	21	0	4246	2436	929	706	175	2375	4	0.0377358	3.6661e+06	3.7861e+06	2.7003e+06	2.8043e+06
2	22	0	4300	2375	962	814	149	2708	4	0.0377358	3.6661e+06	3.7861e+06	2.7003e+06	2.8043e+06
2	23	0	4674	2708	961	841	164	2859	4	0.0377358	3.6661e+06	3.7861e+06	2.7003e+06	2.8043e+06
2	24	0	4962	2859	1062	844	197	2998	4	0.0377358	3.6661e+06	3.7861e+06	2.7003e+06	2.8043e+06
2	25	0	5301	2998	1159	944	200	3298	4	0.0377358	3.6661e+06	3.7861e+06	2.7003e+06	2.8043e+06
2	26	0	5682	3298	1147	1027	210	3547	4	0.0377358	3.6661e+06	3.7861e+06	2.7003e+06	2.8043e+06
2	27	0	6091	3547	1293	1042	209	3724	4	0.0377358	3.6661e+06	3.7861e+06	2.7003e+06	2.8043e+06
2	28	0	6534	3724	1452	1126	232	4054	4	0.0377358	3.6661e+06	3.7861e+06	2.7003e+06	2.8043e+06
2	29	0	7069	4054	1482	1289	244	4566	4	0.0377358	3.6661e+06	3.7861e+06	2.7003e+06	2.8043e+06
2	30	0	7846	4566	1693	1325	262	4573	4	0.0377358	3.6661e+06	3.7861e+06	2.7003e+06	2.8043e+06
2	31	0	8258	4573	1875	1518	292	5190	4	0.0377358	3.6661e+06	3.7861e+06	2.7003e+06	2.8043e+06
2	32	0	8985	5190	1825	1643	327	5591	4	0.0377358	3.6661e+06	3.7861e+06	2.7003e+06	2.8043e+06
2	33	0	9716	5591	2114	1634	377	5367	5	0.0471698	3.5661e+06	3.7861e+06	2.7003e+06	2.8043e+06
2	34	0	9864	5367	2238	1904	355	5956	5	0.0471698	3.5661e+06	3.7861e+06	2.7003e+06	2.8043e+06
2	35	0	10500	5956	2127	2031	386	6316	5	0.0471698	3.5661e+06	3.7861e+06	2.7003e+06	2.8043e+06
2	36	0	10931	6316	2187	1988	440	6135	5	0.0471698	3.5661e+06	3.7861e+06	2.7003e+06	2.8043e+06
2	37	0	10921	6135	2394	1950	442	6078	5	0.0471698	3.5661e+06	3.7861e+06	2.7003e+06	2.8043e+06
2	38	0	10952	6078	2293	2126	455	6567	5	0.0471698	3.5661e+06	3.7861e+06	2.7003e+06	2.8043e+06
2	39	0	11167	6567	2104	2067	429	6380	5	0.0471698	3.5661e+06	3.7861e+06	2.7003e+06	2.8043e+06
2	40	0	11074	6380	2287	1953	454	6057	6	0.0566038	3.5661e+06	3.7901e+06	2.7003e+06	2.8363e+06
2	41	0	10910	6057	2378	2081	394	6297	6	0.0566038	3.5661e+06	3.7901e+06	2.7003e+06	2.8363e+06
2	42	0	11165	6297	2237	2175	456	6811	7	0.0660377	3.5661e+06	3.8221e+06	2.7003e+06	2.8363e+06
2	43	0	11647	6811	2226	2140	470	6504	6	0.0566038	3.5661e+06	3.7901e+06	2.7003e+06	2.8363e+06
2	44	0	11480	6504	2454	2042	480	6297	6	0.0566038	3.5661e+06	3.7901e+06	2.7003e+06	2.8363e+06
2	45	0	11271	6297	2343	2195	436	6648	7	0.0660377	3.5661e+06	3.8221e+06	2.7003e+06	2.8363e+06
2	46	0	11572	6648	2273	2158	493	6744	6	0.0566038	3.5661e+06	3.7901e+06	2.7003e+06	2.8363e+06
2	47	0	11595	6744	2317	2059	475	6336	7	0.0660377	3.5661e+06	3.8221e+06	2.7003e+06	2.8363e+06
2	48	0	11287	6336	2395	2085	471	6399	7	0.0660377	3.5661e+06	3.8221e+06	2.7003e+06	2.8363e+06
2	49	0	11254	6399	2270	2114	471	6629	7	0.0660377	3.5661e+06	3.8221e+06	2.7003e+06	2.8363e+06
2	50	0	11530	6629	2373	2048	480	6615	7	0.0660377	3.5661e+06	3.8221e+06	2.7003e+06	2.8363e+06
2	51	0	11641	6615	2415	2125	486	6658	7	0.0660377	3.5661e+06	3.8221e+06	2.7003e+06	2.8363e+06
2	52	0	11726	6658	2441	2175	452	6722	7	0.0660377	3.5661e+06	3.8221e+06	2.7003e+06	2.8363e+06
2	53	0	11899	6722	2486	2269	422	6771	8	0.0754717	3.5661e+06	3.8221e+06	2.7003e+06	2.8723e+06
2	54	0	11934	6771	2442	2241	480	6880	8	0.0754717	3.5661e+06	3.8221e+06	2.7003e+06	2.8723e+06
2	55	0	12122	6880	2546	2206	490	7071	9	0.0849057	3.5661e+06	3.8221e+06	2.7003e+06	2.8723e+06
2	56	0	12368	7071	2551	2273	473	7028	8	0.0754717	3.5661e+06	3.8221e+06	2.7003e+06	2.8723e+06
2	57	0	12364	7028	2569	2307	460	7001	8	0.0754717	3.5661e+06	3.8221e+06	2.7003e+06	2.8723e+06
2	58	0	12438	7001	2650	2290	497	7199	9	0.0849057	3.5661e+06	3.8221e+06	2.7003e+06	2.8723e+06
2	59	0	12721	7199	2644	2378	500	7395	9	0.0849057	3.5661e+06	3.8221e+06	2.7003e+06	2.8723e+06
2	60	0	12915	7395	2595	2387	538	7453	10	0.0943396	3.5661e+06	3.8221e+06	2.7003e+06	2.8723e+06
2	61	0	13045	7453	2715	2342	535	7571	10	0.0943396	3.5661e+06	3.8221e+06	2.7003e+06	2.8723e+06
2	62	0	13142	7571	2652	2429	490	7456	10	0.0943396	3.5661e+06	3.8221e+06	2.7003e+06	2.8723e+06
2	63	0	13181	7456	2775	2408	542	7719	10	0.0943396	3.5661e+06	3.8221e+06	2.7003e+06	2.8723e+06
2	64	0	13473	7719	2729	2497	528	7877	10	0.0943396	3.5661e+06	3.8221e+06	2.7003e+06	2.8723e+06
2	65	0	13700	7877	2805	2451	567	7911	10	0.0943396	3.5661e+06	3.8221e+06	2.7003e+06	2.8723e+06
2	66	0	13899	7911	2985	2464	539	7654	10	0.0943396	3.5661e+06	3.8221e+06	2.7003e+06	2.8723e+06
2	67	0	13795	7654	2910	2687	544	8521	10	0.0943396	3.5661e+06	3.8221e+06	2.7003e+06	2.8723e+06
2	68	0	14599	8521	2783	2713	582	8339	10	0.0943396	3.5661e+06	3.8221e+06	2.7003e+06	2.8723e+06
2	69	0	14513	8339	3013	2603	558	8111	12	0.113208	3.5661e+06	3.8621e+06	2.6683e+06	2.8723e+06
2	70	0	14504	8111	3082	2717	594	8603	11	0.103774	3.5661e+06	3.8221e+06	2.6683e+06	2.8723e+06
2	71	0	14902	8603	2953	2773	573	8521	11	0.103774	3.5661e+06	3.8221e+06	2.6683e+06	2.8723e+06
2	72	0	14987	8521	3149	2694	623	8570	12	0.113208	3.5661e+06	3.8621e+06	2.6683e+06	2.8723e+06
2	73	0	15115	8570	3115	2830	600	8947	12	0.113208	3.5661e+06	3.8621e+06	2.6683e+06	2.8723e+06
2	74	0	15603	8947	3196	2825	635	8927	13	0.122642	3.5661e+06	3.8621e+06	2.6683e+06	2.8723e+06
2	75	0	15744	8927	3336	2860	621	8823	13	0.122642	3.5661e+06	3.8621e+06	2.6683e+06	2.8723e+06
2	76	0	15837	8823	3381	2970	663	9337	14	0.132075	3.5661e+06	3.8901e+06	2.6683e+06	2.8723e+06
2	77	0	16253	9337	3212	3015	689	9511	15	0.141509	3.5661e+06	3.8901e+06	2.6683e+06	2.8923e+06
2	78	0	16519	9511	3443	2912	653	9148	15	0.141509	3.5661e+06	3.8621e+06	2.6683e+06	2.8923e+06
2	79	0	16334	9148	3511	3048	627	9598	14	0.132075	3.5661e+06	3.8901e+06	2.6683e+06	2.8723e+06
2	80	0	16857	9598	3514	3104	641	9335	17	0.160377	3.5661e+06	3.8901e+06	2.6603e+06	2.8923e+06
2	81	0	16628	9335	3417	3182	694	10131	16	0.150943	3.5661e+06	3.8901e+06	2.6683e+06	2.8923e+06
2	82	0	17348	10131	3351	3152	714	9704	16	0.150943	3.5661e+06	3.8901e+06	2.6683e+06	2.8923e+06
2	83	0	17010	9704	3552	3059	695	9711	17	0.160377	3.5661e+06	3.8901e+06	2.6603e+06	2.8923e+06
2	84	0	17189	9711	3656	3172	650	9949	17	0.160377	3.5661e+06	3.8901e+06	2.6603e+06	2.8923e+06
2	85	0	17417	9949	3602	3193	673	10045	16	0.150943	3.5661e+06	3.8901e+06	2.6683e+06	2.8923e+06
2	86	0	17609	10045	3615	3252	697	10362	17	0.160377	3.5661e+06	3.8901e+06	2.6603e+06	2.8923e+06
2	87	0	18008	10362	3710	3237	699	10225	17	0.160377	3.5661e+06	3.8901e+06	2.6603e+06	2.8923e+06
2	88	0	18068	10225	3805	3332	706	10565	17	0.160377	3.5661e+06	3.8901e+06	2.6603e+06	2.8923e+06
2	89	0	18528	10565	3765	3473	725	10778	17	0.160377	3.5661e+06	3.8901e+06	2.6603e+06	2.8923e+06
2	90	0	18743	10778	3785	3428	752	10914	17	0.160377	3.5661e+06	3.8901e+06	2.6603e+06	2.8923e+06
2	91	0	18982	10914	3876	3450	742	11012	18	0.169811	3.5661e+06	3.8901e+06	2.6603e+06	2.8923e+06
2	92	0	19229	11012	4035	3473	709	10995	18	0.169811	3.5661e+06	3.8901e+06	2.6603e+06	2.8923e+06
2	93	0	19419	10995	4061	3617	746	11549	18	0.169811	3.5661e+06	3.8901e+06	2.6603e+06	2.8923e+06
2	94	0	19942	11549	4027	3643	723	11404	19	0.179245	3.5661e+06	3.8901e+06	2.6603e+06	2.9283e+06
2	95	0	20055	11404	4217	3669	765	11459	19	0.179245	3.5661e+06	3.8901e+06	2.6603e+06	2.9283e+06
2	96	0	20160	11459	4144	3831	726	11725	19	0.179245	3.5661e+06	3.8901e+06	2.6603e+06	2.9283e+06
2	97	0	20689	11725	4280	3848	836	12018	19	0.179245	3.5661e+06	3.8901e+06	2.6603e+06	2.9283e+06
2	98	0	20940	12018	4285	3846	791	11850	19	0.179245	3.5661e+06	3.8901e+06	2.6603e+06	2.9283e+06
2	99	0	20926	11850	4353	3891	832	12112	20	0.188679	3.5661e+06	3.8941e+06	2.6603e+06	2.9283e+06
2	100	0	21144	12112	4298	3892	842	0	20	0.188679	3.5661e+06	3.9021e+06	2.6603e+06	2.9283e+06
3	0	0	40	0	0	20	20	199	1	0.00943396	3.6661e+06	3.7541e+06	2.7443e+06	2.7843e+06
3	1	0	209	199	0	4	6	63	1	0.00943396	3.6661e+06	3.7541e+06	2.7443e+06	2.7843e+06
3	2	0	147	63	79	1	4	26	1	0.00943396	3.6661e+06	3.7541e+06	2.7443e+06	2.7843e+06
3	3	0	120	26	33	59	2	280	1	0.00943396	3.6661e+06	3.7541e+06	2.7443e+06	2.7843e+06
3	4	0	337	280	7	40	10	223	1	0.00943396	3.6661e+06	3.7541e+06	2.7443e+06	2.7843e+06
3	5	0	352	223	109	13	7	85	1	0.00943396	3.6661e+06	3.7541e+06	2.7443e+06	2.7843e+06
3	6	0	271	85	97	86	3	370	1	0.00943396	3.6661e+06	3.7541e+06	2.7443e+06	2.7843e+06
3	7	0	512	370	41	88	13	444	1	0.00943396	3.6661e+06	3.7541e+06	2.7443e+06	2.7843e+06
3	8	0	679	444	160	55	20	339	1	0.00943396	3.6661e+06	3.7541e+06	2.7443e+06	2.7843e+06
3	9	0	651	339	178	115	19	595	1	0.00943396	3.6661e+06	3.7541e+06	2.7443e+06	2.7843e+06
3	10	0	932	595	160	154	23	726	1	0.00943396	3.6661e+06	3.7541e+06	2.7443e+06	2.7843e+06
3	11	0	1166	726	262	140	38	714	1	0.00943396	3.6661e+06	3.7541e+06	2.7443e+06	2.7843e+06
3	12	0	1248	714	298	199	37	934	1	0.00943396	3.6661e+06	3.7541e+06	2.7443e+06	2.7843e+06
3	13	0	1532	934	296	251	51	1173	1	0.00943396	3.6661e+06	3.7541e+06	2.7443e+06	2.7843e+06
3	14	0	1858	1173	366	274	45	1160	1	0.00943396	3.6661e+06	3.7541e+06	2.7443e+06	2.7843e+06
3	15	0	2056	1160	524	315	57	1315	1	0.00943396	3.6661e+06	3.7541e+06	2.7443e+06	2.7843e+06
3	16	0	2333	1315	490	450	78	1764	1	0.00943396	3.6661e+06	3.7541e+06	2.7443e+06	2.7843e+06
3	17	0	2860	1764	572	449	75	1665	1	0.00943396	3.6661e+06	3.7541e+06	2.7443e+06	2.7843e+06
3	18	0	2997	1665	746	488	98	1880	2	0.0188679	3.6661e+06	3.7541e+06	2.7003e+06	2.7843e+06
3	19	0	3291	1880	697	612	102	2257	2	0.0188679	3.6661e+06	3.7541e+06	2.7003e+06	2.7843e+06
3	20	0	3798	2257	809	611	121	2166	2	0.0188679	3.6661e+06	3.7541e+06	2.7003e+06	2.7843e+06
3	21	0	3959	2166	932	711	150	2476	3	0.0283019	3.6661e+06	3.7861e+06	2.7003e+06	2.7843e+06
3	22	0	4337	2476	902	817	142	2753	4	0.0377358	3.6661e+06	3.7861e+06	2.7003e+06	2.8043e+06
3	23	0	4764	2753	1015	815	181	2735	4	0.0377358	3.6661e+06	3.7861e+06	2.7003e+06	2.8043e+06
3	24	0	4898	2735	1055	911	197	3155	4	0.0377358	3.6661e+06	3.7861e+06	2.7003e+06	2.8043e+06
3	25	0	5452	3155	1121	990	186	3402	4	0.0377358	3.6661e+06	3.7861e+06	2.7003e+06	2.8043e+06
3	26	0	5897	3402	1240	1035	220	3618	4	0.0377358	3.6661e+06	3.7861e+06	2.7003e+06	2.8043e+06
3	27	0	6239	3618	1325	1079	217	3826	4	0.0377358	3.6661e+06	3.7861e+06	2.7003e+06	2.8043e+06
3	28	0	6647	3826	1428	1176	217	4122	4	0.0377358	3.6661e+06	3.7861e+06	2.7003e+06	2.8043e+06
3	29	0	7229	4122	1552	1309	246	4541	4	0.0377358	3.6661e+06	3.7861e+06	2.7003e+06	2.8043e+06
3	30	0	7877	4541	1697	1354	285	4725	4	0.0377358	3.6661e+06	3.7861e+06	2.7003e+06	2.8043e+06
3	31	0	8359	4725	1857	1487	290	4986	4	0.0377358	3.6661e+06	3.7861e+06	2.7003e+06	2.8043e+06
3	32	0	8788	4986	1837	1631	334	5538	4	0.0377358	3.6661e+06	3.7861e+06	2.7003e+06	2.8043e+06
3	33	0	9569	5538	1986	1677	368	5544	4	0.0377358	3.6661e+06	3.7861e+06	2.7003e+06	2.8043e+06
3	34	0	9821	5544	2145	1760	372	5818	4	0.0377358	3.6661e+06	3.7861e+06	2.7003e+06	2.8043e+06
3	35	0	10287	5818	2176	1876	417	6012	4	0.0377358	3.6661e+06	3.7861e+06	2.7003e+06	2.8043e+06
3	36	0	10518	6012	2142	1972	392	6139	4	0.0377358	3.6661e+06	3.7861e+06	2.7003e+06	2.8043e+06
3	37	0	10720	6139	2221	1962	398	6090	4	0.0377358	3.6661e+06	3.7861e+06	2.7003e+06	2.8043e+06
3	38	0	10809	6090	2269	2038	412	6202	4	0.0377358	3.6661e+06	3.7861e+06	2.7003e+06	2.8043e+06
3	39	0	11088	6202	2363	2075	448	6348	4	0.0377358	3.6661e+06	3.7861e+06	2.7003e+06	2.8043e+06
3	40	0	11260	6348	2311	2146	455	6544	4	0.0377358	3.6661e+06	3.7861e+06	2.7003e+06	2.8043e+06
3	41	0	11338	6544	2239	2103	452	6450	5	0.0471698	3.6661e+06	3.8221e+06	2.7003e+06	2.8043e+06
3	42	0	11252	6450	2316	2015	471	6307	5	0.0471698	3.6661e+06	3.8221e+06	2.7003e+06	2.8043e+06
3	43	0	11221	6307	2381	2090	443	6454	4	0.0377358	3.6661e+06	3.7861e+06	2.7003e+06	2.8043e+06
3	44	0	11303	6454	2276	2139	434	6352	5	0.0471698	3.6661e+06	3.8101e+06	2.7003e+06	2.8523e+06
3	45	0	11247	6352	2349	2090	456	6342	6	0.0566038	3.6661e+06	3.8221e+06	2.7003e+06	2.8363e+06
3	46	0	11179	6342	2249	2163	425	6454	6	0.0566038	3.6661e+06	3.8101e+06	2.7003e+06	2.8523e+06
3	47	0	11358	6454	2361	2081	462	6505	5	0.0471698	3.6661e+06	3.8101e+06	2.7003e+06	2.8523e+06
3	48	0	11404	6505	2332	2134	433	6535	6	0.0566038	3.6661e+06	3.8501e+06	2.7003e+06	2.8363e+06
3	49	0	11492	6535	2353	2152	452	6594	6	0.0566038	3.6661e+06	3.8101e+06	2.7003e+06	2.8523e+06
3	50	0	11403	6594	2296	2100	413	6173	5	0.0471698	3.6661e+06	3.8101e+06	2.7003e+06	2.8523e+06
3	51	0	11102	6173	2466	2006	457	6402	7	0.0660377	3.6661e+06	3.8501e+06	2.7003e+06	2.8523e+06
3	52	0	11331	6402	2309	2166	454	6650	7	0.0660377	3.6661e+06	3.8501e+06	2.7003e+06	2.8523e+06
3	53	0	11556	6650	2341	2082	483	6442	8	0.0754717	3.6661e+06	3.8501e+06	2.7003e+06	2.8523e+06
3	54	0	11429	6442	2398	2143	446	6582	7	0.0660377	3.6661e+06	3.8501e+06	2.7003e+06	2.8523e+06
3	55	0	11609	6582	2386	2167	474	6574	7	0.0660377	3.6661e+06	3.8501e+06	2.7003e+06	2.8523e+06
3	56	0	11553	6574	2327	2163	489	6783	8	0.0754717	3.6661e+06	3.8501e+06	2.7003e+06	2.8523e+06
3	57	0	11753	6783	2329	2165	476	6591	7	0.0660377	3.6661e+06	3.8501e+06	2.7003e+06	2.8523e+06
3	58	0	11623	6591	2442	2132	458	6679	7	0.0660377	3.6661e+06	3.8501e+06	2.7003e+06	2.8523e+06
3	59	0	11616	6679	2307	2180	450	6736	8	0.0754717	3.6661e+06	3.8501e+06	2.7003e+06	2.8523e+06
3	60	0	11685	6736	2382	2118	449	6561	7	0.0660377	3.6661e+06	3.8501e+06	2.7003e+06	2.8523e+06
3	61	0	11718	6561	2510	2164	483	6810	7	0.0660377	3.6661e+06	3.8501e+06	2.7003e+06	2.8523e+06
3	62	0	11890	6810	2384	2242	454	6850	8	0.0754717	3.6661e+06	3.8501e+06	2.7003e+06	2.8523e+06
3	63	0	12017	6850	2496	2216	455	6868	8	0.0754717	3.6661e+06	3.8501e+06	2.7003e+06	2.8523e+06
3	64	0	12125	6868	2501	2273	483	6964	9	0.0849057	3.6661e+06	3.8501e+06	2.7003e+06	2.8723e+06
3	65	0	12207	6964	2446	2296	501	7197	8	0.0754717	3.6661e+06	3.8501e+06	2.7003e+06	2.8523e+06
3	66	0	12530	7197	2557	2261	515	7207	8	0.0754717	3.6661e+06	3.8501e+06	2.7003e+06	2.8523e+06
3	67	0	12659	7207	2646	2335	471	7091	9	0.0849057	3.6661e+06	3.8501e+06	2.7003e+06	2.8723e+06
3	68	0	12534	7091	2610	2345	488	7089	9	0.0849057	3.6661e+06	3.8501e+06	2.7003e+06	2.8723e+06
3	69	0	12483	7089	2523	2337	534	7446	9	0.0849057	3.6661e+06	3.8501e+06	2.7003e+06	2.8723e+06
3	70	0	12920	7446	2617	2335	522	7397	9	0.0849057	3.6661e+06	3.8501e+06	2.7003e+06	2.8723e+06
3	71	0	12981	7397	2704	2370	510	7459	9	0.0849057	3.6661e+06	3.8501e+06	2.7003e+06	2.8723e+06
3	72	0	13117	7459	2719	2416	523	7381	9	0.0849057	3.6661e+06	3.8501e+06	2.7003e+06	2.8723e+06
3	73	0	13069	7381	2724	2427	537	7604	10	0.0943396	3.6661e+06	3.8501e+06	2.7003e+06	2.8843e+06
3	74	0	13329	7604	2708	2465	552	7770	11	0.103774	3.6661e+06	3.8501e+06	2.7003e+06	2.8923e+06
3	75	0	13553	7770	2770	2511	502	7517	10	0.0943396	3.6661e+06	3.8501e+06	2.7003e+06	2.8843e+06
3	76	0	13524	7517	2887	2560	560	7885	10	0.0943396	3.6661e+06	3.8501e+06	2.7003e+06	2.8843e+06
3	77	0	13687	7885	2677	2595	530	7916	11	0.103774	3.6661e+06	3.8501e+06	2.7003e+06	2.8923e+06
3	78	0	13822	7916	2906	2423	577	7910	11	0.103774	3.6661e+06	3.8501e+06	2.7003e+06	2.8923e+06
3	79	0	13918	7910	2888	2571	549	7986	10	0.0943396	3.6661e+06	3.8501e+06	2.7003e+06	2.8843e+06
3	80	0	14062	7986	2893	2648	535	8234	11	0.103774	3.6661e+06	3.8501e+06	2.7003e+06	2.8923e+06
3	81	0	14332	8234	2888	2651	559	8188	11	0.103774	3.6661e+06	3.8501e+06	2.7003e+06	2.8923e+06
3	82	0	14342	8188	2989	2592	573	8385	11	0.103774	3.6661e+06	3.8501e+06	2.7003e+06	2.8923e+06
3	83	0	14618	8385	3005	2664	564	8233	11	0.103774	3.6661e+06	3.8501e+06	2.7003e+06	2.8923e+06
3	84	0	14680	8233	3134	2714	599	8446	13	0.122642	3.6661e+06	3.8941e+06	2.6683e+06	2.8923e+06
3	85	0	14803	8446	2955	2827	575	8810	12	0.113208	3.6661e+06	3.8501e+06	2.6683e+06	2.8923e+06
3	86	0	15280	8810	3136	2728	606	8520	12	0.113208	3.6661e+06	3.8501e+06	2.6683e+06	2.8923e+06
3	87	0	15151	8520	3217	2827	587	8737	13	0.122642	3.6661e+06	3.8941e+06	2.6683e+06	2.8923e+06
3	88	0	15427	8737	3223	2859	608	8886	14	0.132075	3.6661e+06	3.8941e+06	2.6683e+06	2.8923e+06
3	89	0	15490	8886	3060	2918	626	9165	14	0.132075	3.6661e+06	3.8941e+06	2.6683e+06	2.8923e+06
3	90	0	15767	9165	3118	2850	634	8956	15	0.141509	3.6661e+06	3.8941e+06	2.6683e+06	2.8923e+06
3	91	0	15725	8956	3330	2803	636	8939	15	0.141509	3.6661e+06	3.8941e+06	2.6683e+06	2.9363e+06
3	92	0	15794	8939	3232	2970	653	9251	15	0.141509	3.6661e+06	3.8941e+06	2.6683e+06	2.9363e+06
3	93	0	16037	9251	3202	2938	646	9227	17	0.160377	3.6661e+06	3.8941e+06	2.6683e+06	2.9283e+06
3	94	0	16126	9227	3262	2962	675	9327	18	0.169811	3.6661e+06	3.8941e+06	2.6683e+06	2.9363e+06
3	95	0	16346	9327	3403	2971	645	9254	17	0.160377	3.6661e+06	3.8941e+06	2.6683e+06	2.9363e+06
3	96	0	16475	9254	3505	3098	618	9796	18	0.169811	3.6661e+06	3.8941e+06	2.6683e+06	2.9363e+06
3	97	0	16831	9796	3259	3113	663	9716	18	0.169811	3.6661e+06	3.8941e+06	2.6683e+06	2.9363e+06
3	98	0	16973	9716	3533	3052	672	9736	17	0.160377	3.6661e+06	3.8941e+06	2.6683e+06	2.9363e+06
3	99	0	17162	9736	3593	3158	675	9955	18	0.169811	3.6661e+06	3.8941e+06	2.6683e+06	2.9363e+06
3	100	0	17432	9955	3537	3253	687	0	17	0.160377	3.6661e+06	3.8941e+06	2.6683e+06	2.9363e+06
4	0	0	40	0	0	20	20	193	1	0.00943396	3.6661e+06	3.7541e+06	2.7443e+06	2.7843e+06
4	1	0	203	193	0	3	7	57	1	0.00943396	3.6661e+06	3.7541e+06	2.7443e+06	2.7843e+06
4	2	0	140	57	81	1	1	7	1	0.00943396	3.6661e+06	3.7541e+06	2.7443e+06	2.7843e+06
4	3	0	86	7	22	57	0	225	1	0.00943396	3.6661e+06	3.7541e+06	2.7443e+06	2.7843e+06
4	4	0	270	225	2	35	8	183	1	0.00943396	3.6661e+06	3.7541e+06	2.7443e+06	2.7843e+06
4	5	0	292	183	92	11	6	92	1	0.00943396	3.6661e+06	3.7541e+06	2.7443e+06	2.7843e+06
4	6	0	251	92	85	71	3	330	1	0.00943396	3.6661e+06	3.7541e+06	2.7443e+06	2.7843e+06
4	7	0	457	330	43	70	14	357	1	0.00943396	3.6661e+06	3.7541e+06	2.7443e+06	2.7843e+06
4	8	0	554	357	132	53	12	286	1	0.00943396	3.6661e+06	3.7541e+06	2.7443e+06	2.7843e+06
4	9	0	550	286	150	101	13	479	1	0.00943396	3.6661e+06	3.7541e+06	2.7443e+06	2.7843e+06
4	10	0	744	479	112	133	20	656	1	0.00943396	3.6661e+06	3.7541e+06	2.7443e+06	2.7843e+06
4	11	0	990	656	196	110	28	532	1	0.00943396	3.6661e+06	3.7541e+06	2.7443e+06	2.7843e+06
4	12	0	1012	532	292	157	31	763	1	0.00943396	3.6661e+06	3.7541e+06	2.7443e+06	2.7843e+06
4	13	0	1254	763	228	238	25	1015	1	0.00943396	3.6661e+06	3.7541e+06	2.7443e+06	2.7843e+06
4	14	0	1577	1015	299	221	42	1030	1	0.00943396	3.6661e+06	3.7541e+06	2.7443e+06	2.7843e+06
4	15	0	1752	1030	413	262	47	1153	1	0.00943396	3.6661e+06	3.7541e+06	2.7443e+06	2.7843e+06
4	16	0	1981	1153	426	347	55	1438	2	0.0188679	3.6661e+06	3.7541e+06	2.7003e+06	2.7843e+06
4	17	0	2357	1438	467	383	69	1614	1	0.00943396	3.6661e+06	3.7541e+06	2.7443e+06	2.7843e+06
4	18	0	2745	1614	642	409	80	1587	2	0.0188679	3.6661e+06	3.7541e+06	2.7003e+06	2.7843e+06
4	19	0	2908	1587	680	553	88	2010	3	0.0283019	3.6661e+06	3.7861e+06	2.7003e+06	2.7843e+06
4	20	0	3411	2010	697	598	106	2141	2	0.0188679	3.6661e+06	3.7541e+06	2.7003e+06	2.7843e+06
4	21	0	3665	2141	795	609	120	2208	2	0.0188679	3.6661e+06	3.7541e+06	2.7003e+06	2.7843e+06
4	22	0	3894	2208	914	660	112	2193	3	0.0283019	3.6661e+06	3.7861e+06	2.7003e+06	2.7843e+06
4	23	0	4045	2193	920	776	156	2735	4	0.0377358	3.6661e+06	3.7861e+06	2.7003e+06	2.8043e+06
4	24	0	4662	2735	911	838	178	2797	4	0.0377358	3.6661e+06	3.7861e+06	2.7003e+06	2.8043e+06
4	25	0	4872	2797	1068	831	176	2732	4	0.0377358	3.6661e+06	3.7861e+06	2.7003e+06	2.8043e+06
4	26	0	4986	2732	1123	956	175	3340	4	0.0377358	3.6661e+06	3.7861e+06	2.7003e+06	2.8043e+06
4	27	0	5610	3340	1054	1030	186	3388	4	0.0377358	3.6661e+06	3.7861e+06	2.7003e+06	2.8043e+06
4	28	0	5875	3388	1298	956	233	3612	4	0.0377358	3.6661e+06	3.7861e+06	2.7003e+06	2.8043e+06
4	29	0	6249	3612	1338	1107	192	3822	4	0.0377358	3.6661e+06	3.7861e+06	2.7003e+06	2.8043e+06
4	30	0	6750	3822	1492	1225	211	4265	4	0.0377358	3.6661e+06	3.7861e+06	2.7003e+06	2.8043e+06
4	31	0	7407	4265	1558	1319	265	4572	4	0.0377358	3.6661e+06	3.7861e+06	2.7003e+06	2.8043e+06
4	32	0	7978	4572	1762	1374	270	4708	4	0.0377358	3.6661e+06	3.7861e+06	2.7003e+06	2.8043e+06
4	33	0	8400	4708	1846	1553	293	5322	4	0.0377358	3.6661e+06	3.7861e+06	2.7003e+06	2.8043e+06
4	34	0	9177	5322	1904	1643	308	5460	4	0.0377358	3.6661e+06	3.7861e+06	2.7003e+06	2.8043e+06
4	35	0	9597	5460	2123	1684	330	5393	4	0.0377358	3.6661e+06	3.7861e+06	2.7003e+06	2.8043e+06
4	36	0	9848	5393	2210	1881	364	6105	4	0.0377358	3.6661e+06	3.7861e+06	2.7003e+06	2.8043e+06
4	37	0	10543	6105	2073	1988	377	6073	5	0.0471698	3.6661e+06	3.8221e+06	2.7003e+06	2.8043e+06
4	38	0	10683	6073	2243	1931	436	6091	4	0.0377358	3.6661e+06	3.7861e+06	2.7003e+06	2.8043e+06
4	39	0	10860	6091	2319	2023	427	6266	6	0.0566038	3.5661e+06	3.8221e+06	2.7003e+06	2.8043e+06
4	40	0	11024	6266	2308	2028	422	6215	5	0.0471698	3.6661e+06	3.8221e+06	2.7003e+06	2.8043e+06
4	41	0	11050	6215	2355	2077	403	6476	4	0.0377358	3.6661e+06	3.7861e+06	2.7003e+06	2.8043e+06
4	42	0	11303	6476	2324	2057	446	6333	6	0.0566038	3.5661e+06	3.8221e+06	2.7003e+06	2.8043e+06
4	43	0	11198	6333	2338	2110	417	6411	8	0.0754717	3.5661e+06	3.8221e+06	2.7003e+06	2.8723e+06
4	44	0	11319	6411	2326	2150	432	6554	6	0.0566038	3.6661e+06	3.8221e+06	2.7003e+06	2.8523e+06
4	45	0	11532	6554	2327	2156	495	6709	7	0.0660377	3.5661e+06	3.8221e+06	2.7003e+06	2.8523e+06
4	46	0	11595	6709	2299	2105	482	6336	8	0.0754717	3.5661e+06	3.8101e+06	2.7003e+06	2.8723e+06
4	47	0	11245	6336	2404	2049	456	6331	9	0.0849057	3.5661e+06	3.8501e+06	2.7003e+06	2.8523e+06
4	48	0	11252	6331	2330	2145	446	6473	8	0.0754717	3.5661e+06	3.8221e+06	2.7003e+06	2.8523e+06
4	49	0	11357	6473	2351	2107	426	6254	9	0.0849057	3.5661e+06	3.8221e+06	2.7003e+06	2.8723e+06
4	50	0	11177	6254	2353	2110	460	6477	9	0.0849057	3.5661e+06	3.8501e+06	2.7003e+06	2.8523e+06
4	51	0	11389	6477	2280	2183	449	6817	8	0.0754717	3.5661e+06	3.8221e+06	2.7003e+06	2.8523e+06
4	52	0	11727	6817	2352	2090	468	6473	9	0.0849057	3.5661e+06	3.8221e+06	2.7003e+06	2.8723e+06
4	53	0	11454	6473	2404	2113	464	6527	9	0.0849057	3.5661e+06	3.8221e+06	2.7003e+06	2.8723e+06
4	54	0	11492	6527	2374	2126	465	6518	9	0.0849057	3.5661e+06	3.8221e+06	2.7003e+06	2.8723e+06
4	55	0	11466	6518	2361	2127	460	6666	9	0.0849057	3.5661e+06	3.8221e+06	2.7003e+06	2.8723e+06
4	56	0	11673	6666	2397	2129	481	6584	9	0.0849057	3.5661e+06	3.8221e+06	2.7003e+06	2.8723e+06
4	57	0	11596	6584	2372	2178	462	6627	9	0.0849057	3.5661e+06	3.8221e+06	2.7003e+06	2.8723e+06
4	58	0	11687	6627	2387	2195	478	6850	9	0.0849057	3.5661e+06	3.8221e+06	2.7003e+06	2.8723e+06
4	59	0	11867	6850	2368	2172	477	6789	9	0.0849057	3.5661e+06	3.8221e+06	2.7003e+06	2.8723e+06
4	60	0	11972	6789	2505	2192	486	6881	9	0.0849057	3.5661e+06	3.8221e+06	2.7003e+06	2.8723e+06
4	61	0	11941	6881	2395	2239	426	6765	9	0.0849057	3.5661e+06	3.8221e+06	2.7003e+06	2.8723e+06
4	62	0	11940	6765	2513	2190	472	6961	9	0.0849057	3.5661e+06	3.8221e+06	2.7003e+06	2.8723e+06
4	63	0	12169	6961	2448	2240	520	7183	9	0.0849057	3.5661e+06	3.8221e+06	2.7003e+06	2.8723e+06
4	64	0	12483	7183	2577	2203	520	7054	9	0.0849057	3.5661e+06	3.8221e+06	2.7003e+06	2.8723e+06
4	65	0	12542	7054	2632	2368	488	7579	10	0.0943396	3.5661e+06	3.8221e+06	2.6683e+06	2.8723e+06
4	66	0	13089	7579	2619	2375	516	7508	9	0.0849057	3.5661e+06	3.8221e+06	2.7003e+06	2.8723e+06
4	67	0	13184	7508	2750	2393	533	7743	9	0.0849057	3.5661e+06	3.8221e+06	2.7003e+06	2.8723e+06
4	68	0	13449	7743	2719	2462	525	7905	11	0.103774	3.5661e+06	3.8501e+06	2.6683e+06	2.8723e+06
4	69	0	13694	7905	2745	2463	581	7940	10	0.0943396	3.5661e+06	3.8221e+06	2.7003e+06	2.8923e+06
4	70	0	13830	7940	2906	2452	532	7921	10	0.0943396	3.5661e+06	3.8221e+06	2.7003e+06	2.8723e+06
4	71	0	13939	7921	2968	2537	513	8023	12	0.113208	3.5661e+06	3.8501e+06	2.6683e+06	2.8923e+06
4	72	0	14185	8023	2943	2650	569	8445	13	0.122642	3.5661e+06	3.8501e+06	2.6683e+06	2.8923e+06
4	73	0	14631	8445	2957	2701	528	8403	11	0.103774	3.5661e+06	3.8221e+06	2.7003e+06	2.8923e+06
4	74	0	14793	8403	3152	2693	545	8315	13	0.122642	3.5661e+06	3.8501e+06	2.6683e+06	2.8923e+06
4	75	0	14818	8315	3100	2794	609	8857	14	0.132075	3.5661e+06	3.8621e+06	2.6683e+06	2.8923e+06
4	76	0	15319	8857	3077	2817	568	8843	13	0.122642	3.5661e+06	3.8621e+06	2.6683e+06	2.8923e+06
4	77	0	15493	8843	3280	2734	636	8710	15	0.141509	3.5661e+06	3.8901e+06	2.6683e+06	2.8923e+06
4	78	0	15594	8710	3315	2930	639	9257	14	0.132075	3.5661e+06	3.8621e+06	2.6683e+06	2.8923e+06
4	79	0	16027	9257	3190	2936	644	9119	14	0.132075	3.5661e+06	3.8621e+06	2.6683e+06	2.8923e+06
4	80	0	15991	9119	3365	2879	628	9141	16	0.150943	3.5661e+06	3.8901e+06	2.6683e+06	2.8923e+06
4	81	0	16163	9141	3367	3011	644	9522	15	0.141509	3.5661e+06	3.8621e+06	2.6683e+06	2.8923e+06
4	82	0	16691	9522	3370	3101	698	9934	15	0.141509	3.5661e+06	3.8621e+06	2.6683e+06	2.8923e+06
4	83	0	17304	9934	3496	3205	669	9645	17	0.160377	3.5661e+06	3.8901e+06	2.6603e+06	2.8923e+06
4	84	0	17199	9645	3640	3207	707	10061	16	0.150943	3.5661e+06	3.8901e+06	2.6683e+06	2.8923e+06
4	85	0	17595	10061	3526	3286	722	10508	16	0.150943	3.5661e+06	3.8901e+06	2.6683e+06	2.8923e+06
4	86	0	17935	10508	3564	3151	712	9986	17	0.160377	3.5661e+06	3.8901e+06	2.6603e+06	2.8923e+06
4	87	0	17656	9986	3784	3214	672	10234	18	0.169811	3.5661e+06	3.8901e+06	2.6603e+06	2.8923e+06
4	88	0	17986	10234	3706	3383	663	10396	18	0.169811	3.5661e+06	3.8901e+06	2.6603e+06	2.8923e+06
4	89	0	18308	10396	3811	3404	697	10422	17	0.160377	3.5661e+06	3.8901e+06	2.6603e+06	2.8923e+06
4	90	0	18474	10422	3890	3447	715	10699	19	0.179245	3.5661e+06	3.8901e+06	2.6603e+06	2.9283e+06
4	91	0	18789	10699	3820	3560	710	11039	18	0.169811	3.5661e+06	3.8901e+06	2.6603e+06	2.8923e+06
4	92	0	19203	11039	3905	3498	761	10940	18	0.169811	3.5661e+06	3.8901e+06	2.6603e+06	2.8923e+06
4	93	0	19307	10940	4055	3558	754	11056	21	0.198113	3.5661e+06	3.8901e+06	2.6603e+06	2.9683e+06
4	94	0	19501	11056	4030	3606	809	11339	20	0.188679	3.5661e+06	3.8901e+06	2.6603e+06	2.9683e+06
4	95	0	19752	11339	3969	3632	812	11298	20	0.188679	3.5661e+06	3.8901e+06	2.6603e+06	2.9683e+06
4	96	0	19708	11298	4069	3537	804	11097	21	0.198113	3.5661e+06	3.8901e+06	2.6603e+06	2.9683e+06
4	97	0	19616	11097	4130	3623	766	11209	21	0.198113	3.5661e+06	3.8901e+06	2.6603e+06	2.9683e+06
4	98	0	19768	11209	4122	3682	755	11625	22	0.207547	3.5661e+06	3.9021e+06	2.6603e+06	2.9683e+06
4	99	0	20186	11625	4030	3718	813	11861	20	0.188679	3.5661e+06	3.8901e+06	2.6603e+06	2.9683e+06
4	100	0	20661	11861	4345	3678	777	0	21	0.198113	3.5661e+06	3.8901e+06	2.6603e+06	2.9683e+06
5	0	0	40	0	0	20	20	179	1	0.00943396	3.6661e+06	3.7541e+06	2.7443e+06	2.7843e+06
5	1	0	190	179	0	3	8	56	1	0.00943396	3.6661e+06	3.7541e+06	2.7443e+06	2.7843e+06
5	2	0	125	56	64	1	4	35	1	0.00943396	3.6661e+06	3.7541e+06	2.7443e+06	2.7843e+06
5	3	0	108	35	29	44	0	207	1	0.00943396	3.6661e+06	3.7541e+06	2.7443e+06	2.7843e+06
5	4	0	257	207	13	32	5	171	1	0.00943396	3.6661e+06	3.7541e+06	2.7443e+06	2.7843e+06
5	5	0	282	171	86	20	5	127	1	0.00943396	3.6661e+06	3.7541e+06	2.7443e+06	2.7843e+06
5	6	0	249	127	59	56	7	281	1	0.00943396	3.6661e+06	3.7541e+06	2.7443e+06	2.7843e+06
5	7	0	395	281	50	53	11	280	1	0.00943396	3.6661e+06	3.7541e+06	2.7443e+06	2.7843e+06
5	8	0	461	280	121	46	14	279	1	0.00943396	3.6661e+06	3.7541e+06	2.7443e+06	2.7843e+06
5	9	0	502	279	115	98	10	442	1	0.00943396	3.6661e+06	3.7541e+06	2.7443e+06	2.7843e+06
5	10	0	679	442	117	101	19	504	1	0.00943396	3.6661e+06	3.7541e+06	2.7443e+06	2.7843e+06
5	11	0	809	504	187	95	23	481	1	0.00943396	3.6661e+06	3.7541e+06	2.7443e+06	2.7843e+06
5	12	0	866	481	218	143	24	712	1	0.00943396	3.6661e+06	3.7541e+06	2.7443e+06	2.7843e+06
5	13	0	1116	712	191	186	27	869	1	0.00943396	3.6661e+06	3.7541e+06	2.7443e+06	2.7843e+06
5	14	0	1377	869	308	168	32	777	1	0.00943396	3.6661e+06	3.7541e+06	2.7443e+06	2.7843e+06
5	15	0	1444	777	385	250	32	1056	1	0.00943396	3.6661e+06	3.7541e+06	2.7443e+06	2.7843e+06
5	16	0	1759	1056	353	306	44	1280	1	0.00943396	3.6661e+06	3.7541e+06	2.7443e+06	2.7843e+06
5	17	0	2105	1280	452	319	54	1362	1	0.00943396	3.6661e+06	3.7541e+06	2.7443e+06	2.7843e+06
5	18	0	2322	1362	508	390	62	1546	1	0.00943396	3.6661e+06	3.7541e+06	2.7443e+06	2.7843e+06
5	19	0	2632	1546	558	441	87	1768	1	0.00943396	3.6661e+06	3.7541e+06	2.7443e+06	2.7843e+06
5	20	0	2968	1768	633	471	96	1744	1	0.00943396	3.6661e+06	3.7541e+06	2.7443e+06	2.7843e+06
5	21	0	3172	1744	748	564	116	2062	2	0.0188679	3.6661e+06	3.7541e+06	2.7003e+06	2.7843e+06
5	22	0	3641	2062	746	685	148	2547	2	0.0188679	3.6661e+06	3.7541e+06	2.7003e+06	2.7843e+06
5	23	0	4208	2547	834	673	154	2212	4	0.0377358	3.6661e+06	3.7861e+06	2.7003e+06	2.8043e+06
5	24	0	4146	2212	1066	720	148	2606	4	0.0377358	3.6661e+06	3.7861e+06	2.7003e+06	2.8043e+06
5	25	0	4584	2606	922	890	166	2998	4	0.0377358	3.6661e+06	3.7861e+06	2.7003e+06	2.8043e+06
5	26	0	5028	2998	986	845	199	2785	4	0.0377358	3.6661e+06	3.7861e+06	2.7003e+06	2.8043e+06
5	27	0	5018	2785	1183	877	173	2971	4	0.0377358	3.6661e+06	3.7861e+06	2.7003e+06	2.8043e+06
5	28	0	5313	2971	1102	1041	199	3548	4	0.0377358	3.6661e+06	3.7861e+06	2.7003e+06	2.8043e+06
5	29	0	5979	3548	1196	1016	219	3583	4	0.0377358	3.6661e+06	3.7861e+06	2.7003e+06	2.8043e+06
5	30	0	6321	3583	1438	1076	224	3798	4	0.0377358	3.6661e+06	3.7861e+06	2.7003e+06	2.8043e+06
5	31	0	6674	3798	1409	1235	232	4386	4	0.0377358	3.6661e+06	3.7861e+06	2.7003e+06	2.8043e+06
5	32	0	7433	4386	1509	1281	257	4616	4	0.0377358	3.6661e+06	3.7861e+06	2.7003e+06	2.8043e+06
5	33	0	8044	4616	1781	1392	255	4636	4	0.0377358	3.6661e+06	3.7861e+06	2.7003e+06	2.8043e+06
5	34	0	8297	4636	1840	1548	273	5181	4	0.0377358	3.6661e+06	3.7861e+06	2.7003e+06	2.8043e+06
5	35	0	8982	5181	1868	1619	314	5407	4	0.0377358	3.6661e+06	3.7861e+06	2.7003e+06	2.8043e+06
5	36	0	9487	5407	2074	1655	351	5487	4	0.0377358	3.6661e+06	3.7861e+06	2.7003e+06	2.8043e+06
5	37	0	9809	5487	2137	1838	347	5647	4	0.0377358	3.6661e+06	3.7861e+06	2.7003e+06	2.8043e+06
5	38	0	10130	5647	2181	1914	388	6152	4	0.0377358	3.6661e+06	3.7861e+06	2.7003e+06	2.8043e+06
5	39	0	10707	6152	2193	1992	370	5959	4	0.0377358	3.6661e+06	3.7861e+06	2.7003e+06	2.8043e+06
5	40	0	10602	5959	2335	1931	377	6019	4	0.0377358	3.6661e+06	3.7861e+06	2.7003e+06	2.8043e+06
5	41	0	10740	6019	2258	2052	411	6477	4	0.0377358	3.6661e+06	3.7861e+06	2.7003e+06	2.8043e+06
5	42	0	11212	6477	2232	2070	433	6373	4	0.0377358	3.6661e+06	3.7861e+06	2.7003e+06	2.8043e+06
5	43	0	11239	6373	2317	2075	474	6656	4	0.0377358	3.6661e+06	3.7861e+06	2.7003e+06	2.8043e+06
5	44	0	11484	6656	2264	2101	463	6468	4	0.0377358	3.6661e+06	3.7861e+06	2.7003e+06	2.8043e+06
5	45	0	11277	6468	2347	2046	416	6302	5	0.0471698	3.6661e+06	3.8101e+06	2.7003e+06	2.8523e+06
5	46	0	11228	6302	2359	2142	425	6542	5	0.0471698	3.6661e+06	3.7901e+06	2.7003e+06	2.8363e+06
5	47	0	11362	6542	2270	2066	484	6513	4	0.0377358	3.6661e+06	3.7861e+06	2.7003e+06	2.8043e+06
5	48	0	11358	6513	2314	2049	482	6250	5	0.0471698	3.6661e+06	3.8101e+06	2.7003e+06	2.8523e+06
5	49	0	11165	6250	2363	2095	457	6497	5	0.0471698	3.6661e+06	3.8101e+06	2.7003e+06	2.8523e+06
5	50	0	11355	6497	2304	2102	452	6551	6	0.0566038	3.6661e+06	3.8101e+06	2.7003e+06	2.8523e+06
5	51	0	11389	6551	2279	2123	436	6357	7	0.0660377	3.6661e+06	3.8501e+06	2.7003e+06	2.8523e+06
5	52	0	11304	6357	2406	2046	495	6418	7	0.0660377	3.6661e+06	3.8501e+06	2.7003e+06	2.8523e+06
5	53	0	11391	6418	2357	2140	476	6676	7	0.0660377	3.6661e+06	3.8221e+06	2.7003e+06	2.8523e+06
5	54	0	11619	6676	2324	2140	479	6575	7	0.0660377	3.6661e+06	3.8501e+06	2.7003e+06	2.8523e+06
5	55	0	11537	6575	2415	2047	500	6515	7	0.0660377	3.6661e+06	3.8501e+06	2.7003e+06	2.8523e+06
5	56	0	11464	6515	2372	2155	422	6630	8	0.0754717	3.6661e+06	3.8221e+06	2.7003e+06	2.8723e+06
5	57	0	11621	6630	2392	2125	474	6655	9	0.0849057	3.6661e+06	3.8501e+06	2.7003e+06	2.8723e+06
5	58	0	11735	6655	2427	2163	490	6763	9	0.0849057	3.6661e+06	3.8501e+06	2.7003e+06	2.8723e+06
5	59	0	11709	6763	2305	2185	456	6746	9	0.0849057	3.6661e+06	3.8501e+06	2.7003e+06	2.8723e+06
5	60	0	11763	6746	2458	2066	493	6579	9	0.0849057	3.6661e+06	3.8501e+06	2.7003e+06	2.8723e+06
5	61	0	11672	6579	2451	2198	444	6806	9	0.0849057	3.6661e+06	3.8501e+06	2.7003e+06	2.8723e+06
5	62	0	11931	6806	2449	2205	471	6734	9	0.0849057	3.6661e+06	3.8501e+06	2.7003e+06	2.8723e+06
5	63	0	11854	6734	2432	2223	465	6926	9	0.0849057	3.6661e+06	3.8501e+06	2.7003e+06	2.8723e+06
5	64	0	12100	6926	2501	2140	533	7132	9	0.0849057	3.6661e+06	3.8501e+06	2.7003e+06	2.8723e+06
5	65	0	12443	7132	2532	2288	491	7002	9	0.0849057	3.6661e+06	3.8501e+06	2.7003e+06	2.8723e+06
5	66	0	12339	7002	2555	2277	505	7188	9	0.0849057	3.6661e+06	3.8501e+06	2.7003e+06	2.8723e+06
5	67	0	12483	7188	2451	2359	485	7525	9	0.0849057	3.6661e+06	3.8501e+06	2.7003e+06	2.8723e+06
5	68	0	12869	7525	2629	2259	456	7032	9	0.0849057	3.6661e+06	3.8501e+06	2.7003e+06	2.8723e+06
5	69	0	12557	7032	2647	2397	481	7404	9	0.0849057	3.6661e+06	3.8501e+06	2.7003e+06	2.8723e+06
5	70	0	12910	7404	2596	2408	502	7726	10	0.0943396	3.6661e+06	3.8501e+06	2.6683e+06	2.8723e+06
5	71	0	13251	7726	2631	2363	531	7490	9	0.0849057	3.6661e+06	3.8501e+06	2.7003e+06	2.8723e+06
5	72	0	13219	7490	2853	2344	532	7493	9	0.0849057	3.6661e+06	3.8501e+06	2.7003e+06	2.8723e+06
5	73	0	13362	7493	2788	2561	520	8084	11	0.103774	3.6661e+06	3.8501e+06	2.6683e+06	2.8843e+06
5	74	0	13919	8084	2700	2590	545	8039	9	0.0849057	3.6661e+06	3.8501e+06	2.7003e+06	2.8723e+06
5	75	0	13963	8039	2889	2477	558	7878	11	0.103774	3.6661e+06	3.8501e+06	2.6683e+06	2.8843e+06
5	76	0	13982	7878	2999	2578	527	7998	11	0.103774	3.6661e+06	3.8501e+06	2.6683e+06	2.8843e+06
5	77	0	14221	7998	3001	2693	529	8214	12	0.113208	3.6661e+06	3.8501e+06	2.6683e+06	2.8923e+06
5	78	0	14374	8214	2936	2640	584	8438	12	0.113208	3.6661e+06	3.8501e+06	2.6683e+06	2.8923e+06
5	79	0	14645	8438	2994	2636	577	8277	12	0.113208	3.6661e+06	3.8501e+06	2.6683e+06	2.8923e+06
5	80	0	14596	8277	3010	2703	606	8621	13	0.122642	3.6661e+06	3.8621e+06	2.6683e+06	2.8923e+06
5	81	0	14874	8621	3005	2650	598	8351	14	0.132075	3.6661e+06	3.8901e+06	2.6603e+06	2.8923e+06
5	82	0	14762	8351	3150	2677	584	8651	15	0.141509	3.6661e+06	3.8901e+06	2.6603e+06	2.8923e+06
5	83	0	15112	8651	3076	2795	590	8812	15	0.141509	3.6661e+06	3.8901e+06	2.6603e+06	2.8923e+06
5	84	0	15395	8812	3124	2869	590	9035	15	0.141509	3.6661e+06	3.8901e+06	2.6603e+06	2.8923e+06
5	85	0	15600	9035	3149	2822	594	8879	15	0.141509	3.6661e+06	3.8901e+06	2.6603e+06	2.8923e+06
5	86	0	15796	8879	3475	2866	576	9003	16	0.150943	3.6661e+06	3.8941e+06	2.6603e+06	2.8923e+06
5	87	0	15945	9003	3253	3091	598	9522	16	0.150943	3.6661e+06	3.8941e+06	2.6603e+06	2.8923e+06
5	88	0	16448	9522	3311	2965	650	9407	15	0.141509	3.6661e+06	3.8901e+06	2.6603e+06	2.8923e+06
5	89	0	16583	9407	3540	3021	615	9501	16	0.150943	3.6661e+06	3.8941e+06	2.6603e+06	2.8923e+06
5	90	0	16811	9501	3593	3073	644	9762	16	0.150943	3.6661e+06	3.8941e+06	2.6603e+06	2.8923e+06
5	91	0	17073	9762	3389	3262	660	10068	17	0.160377	3.6661e+06	3.9981e+06	2.6603e+06	2.8923e+06
5	92	0	17446	10068	3512	3194	672	9881	17	0.160377	3.6661e+06	3.9981e+06	2.6603e+06	2.8923e+06
5	93	0	17359	9881	3616	3210	652	10126	17	0.160377	3.6661e+06	3.9981e+06	2.6603e+06	2.8923e+06
5	94	0	17744	10126	3667	3239	712	10085	17	0.160377	3.6661e+06	3.9981e+06	2.6603e+06	2.8923e+06
5	95	0	17831	10085	3762	3299	685	10261	19	0.179245	3.6661e+06	3.9981e+06	2.6603e+06	2.8923e+06
5	96	0	18092	10261	3699	3419	713	10496	18	0.169811	3.6661e+06	3.9981e+06	2.6603e+06	2.8923e+06
5	97	0	18249	10496	3753	3314	686	10225	18	0.169811	3.6661e+06	3.9981e+06	2.6603e+06	2.8923e+06
5	98	0	18296	10225	3893	3472	706	10912	19	0.179245	3.6661e+06	3.9981e+06	2.6603e+06	2.8923e+06
5	99	0	18846	10912	3658	3527	749	11138	18	0.169811	3.6661e+06	3.9981e+06	2.6603e+06	2.8923e+06
5	100	0	19189	11138	3953	3304	794	0	18	0.169811	3.6661e+06	3.9981e+06	2.6603e+06	2.8923e+06
6	0	0	40	0	0	20	20	213	1	0.00943396	3.6661e+06	3.7541e+06	2.7443e+06	2.7843e+06
6	1	0	226	213	0	5	8	48	1	0.00943396	3.6661e+06	3.7541e+06	2.7443e+06	2.7843e+06
6	2	0	137	48	86	0	3	19	1	0.00943396	3.6661e+06	3.7541e+06	2.7443e+06	2.7843e+06
6	3	0	110	19	26	64	1	284	1	0.00943396	3.6661e+06	3.7541e+06	2.7443e+06	2.7843e+06
6	4	0	341	284	6	35	16	214	1	0.00943396	3.6661e+06	3.7541e+06	2.7443e+06	2.7843e+06
6	5	0	359	214	119	16	10	127	1	0.00943396	3.6661e+06	3.7541e+06	2.7443e+06	2.7843e+06
6	6	0	312	127	94	86	5	387	1	0.00943396	3.6661e+06	3.7541e+06	2.7443e+06	2.7843e+06
6	7	0	541	387	56	85	13	422	1	0.00943396	3.6661e+06	3.7541e+06	2.7443e+06	2.7843e+06
6	8	0	656	422	163	56	15	273	1	0.00943396	3.6661e+06	3.7541e+06	2.7443e+06	2.7843e+06
6	9	0	589	273	178	123	15	612	1	0.00943396	3.6661e+06	3.7541e+06	2.7443e+06	2.7843e+06
6	10	0	928	612	133	149	34	769	1	0.00943396	3.6661e+06	3.7541e+06	2.7443e+06	2.7843e+06
6	11	0	1175	769	244	128	34	630	1	0.00943396	3.6661e+06	3.7541e+06	2.7443e+06	2.7843e+06
6	12	0	1177	630	328	187	32	922	1	0.00943396	3.6661e+06	3.7541e+06	2.7443e+06	2.7843e+06
6	13	0	1497	922	265	286	24	1081	1	0.00943396	3.6661e+06	3.7541e+06	2.7443e+06	2.7843e+06
6	14	0	1733	1081	365	231	56	1136	1	0.00943396	3.6661e+06	3.7541e+06	2.7443e+06	2.7843e+06
6	15	0	1933	1136	451	303	43	1282	1	0.00943396	3.6661e+06	3.7541e+06	2.7443e+06	2.7843e+06
6	16	0	2206	1282	472	387	65	1599	1	0.00943396	3.6661e+06	3.7541e+06	2.7443e+06	2.7843e+06
6	17	0	2638	1599	544	422	73	1564	2	0.0188679	3.6661e+06	3.7541e+06	2.7003e+06	2.7843e+06
6	18	0	2807	1564	677	478	88	1796	2	0.0188679	3.6661e+06	3.7861e+06	2.7443e+06	2.7843e+06
6	19	0	3133	1796	663	573	101	2115	2	0.0188679	3.6661e+06	3.7541e+06	2.7003e+06	2.7843e+06
6	20	0	3580	2115	749	593	123	2168	2	0.0188679	3.6661e+06	3.7541e+06	2.7003e+06	2.7843e+06
6	21	0	3847	2168	912	650	117	2188	3	0.0283019	3.6661e+06	3.7861e+06	2.7003e+06	2.7843e+06
6	22	0	4010	2188	888	796	138	2660	4	0.0377358	3.6661e+06	3.7861e+06	2.7003e+06	2.8043e+06
6	23	0	4513	2660	890	811	152	2633	4	0.0377358	3.6661e+06	3.7861e+06	2.7003e+06	2.8043e+06
6	24	0	4672	2633	1045	821	173	2927	4	0.0377358	3.6661e+06	3.7861e+06	2.7003e+06	2.8043e+06
6	25	0	5107	2927	1050	944	186	3188	4	0.0377358	3.6661e+06	3.7861e+06	2.7003e+06	2.8043e+06
6	26	0	5464	3188	1114	971	191	3280	4	0.0377358	3.6661e+06	3.7861e+06	2.7003e+06	2.8043e+06
6	27	0	5780	3280	1266	1000	234	3632	4	0.0377358	3.6661e+06	3.7861e+06	2.7003e+06	2.8043e+06
6	28	0	6266	3632	1295	1128	211	3930	4	0.0377358	3.6661e+06	3.7861e+06	2.7003e+06	2.8043e+06
6	29	0	6793	3930	1476	1135	252	4070	4	0.0377358	3.6661e+06	3.7861e+06	2.7003e+06	2.8043e+06
6	30	0	7229	4070	1623	1306	230	4412	4	0.0377358	3.6661e+06	3.7861e+06	2.7003e+06	2.8043e+06
6	31	0	7728	4412	1616	1439	261	4866	4	0.0377358	3.6661e+06	3.7861e+06	2.7003e+06	2.8043e+06
6	32	0	8398	4866	1767	1467	298	4965	4	0.0377358	3.6661e+06	3.7861e+06	2.7003e+06	2.8043e+06
6	33	0	8805	4965	1984	1555	301	5250	4	0.0377358	3.6661e+06	3.7861e+06	2.7003e+06	2.8043e+06
6	34	0	9344	5250	2017	1738	339	5592	4	0.0377358	3.6661e+06	3.7861e+06	2.7003e+06	2.8043e+06
6	35	0	9889	5592	2102	1798	397	6013	4	0.0377358	3.6661e+06	3.7861e+06	2.7003e+06	2.8043e+06
6	36	0	10474	6013	2158	1921	382	6056	4	0.0377358	3.6661e+06	3.7861e+06	2.7003e+06	2.8043e+06
6	37	0	10666	6056	2212	1960	438	6238	5	0.0471698	3.6661e+06	3.7901e+06	2.7003e+06	2.8363e+06
6	38	0	10958	6238	2275	2003	442	6220	5	0.0471698	3.6661e+06	3.7901e+06	2.7003e+06	2.8363e+06
6	39	0	11036	6220	2296	2084	436	6275	4	0.0377358	3.6661e+06	3.7861e+06	2.7003e+06	2.8043e+06
6	40	0	11100	6275	2318	2054	453	6468	5	0.0471698	3.6661e+06	3.7901e+06	2.7003e+06	2.8363e+06
6	41	0	11343	6468	2315	2103	457	6480	5	0.0471698	3.6661e+06	3.7901e+06	2.7003e+06	2.8363e+06
6	42	0	11397	6480	2361	2113	443	6262	5	0.0471698	3.6661e+06	3.8101e+06	2.7003e+06	2.8523e+06
6	43	0	11200	6262	2326	2152	460	6673	6	0.0566038	3.6661e+06	3.8101e+06	2.7003e+06	2.8523e+06
6	44	0	11503	6673	2251	2127	452	6521	6	0.0566038	3.6661e+06	3.8101e+06	2.7003e+06	2.8523e+06
6	45	0	11474	6521	2414	2106	433	6306	6	0.0566038	3.6661e+06	3.8101e+06	2.7003e+06	2.8523e+06
6	46	0	11222	6306	2346	2149	421	6635	6	0.0566038	3.6661e+06	3.8101e+06	2.7003e+06	2.8523e+06
6	47	0	11385	6635	2222	2079	449	6382	6	0.0566038	3.6661e+06	3.8101e+06	2.7003e+06	2.8523e+06
6	48	0	11207	6382	2326	2052	447	6483	7	0.0660377	3.6661e+06	3.8501e+06	2.7003e+06	2.8523e+06
6	49	0	11351	6483	2387	2029	452	6371	6	0.0566038	3.6661e+06	3.8101e+06	2.7003e+06	2.8523e+06
6	50	0	11310	6371	2359	2133	447	6610	6	0.0566038	3.6661e+06	3.8101e+06	2.7003e+06	2.8523e+06
6	51	0	11375	6610	2234	2094	437	6388	7	0.0660377	3.6661e+06	3.8501e+06	2.7003e+06	2.8523e+06
6	52	0	11234	6388	2332	2058	456	6334	7	0.0660377	3.6661e+06	3.8501e+06	2.7003e+06	2.8523e+06
6	53	0	11172	6334	2321	2079	438	6506	7	0.0660377	3.6661e+06	3.8501e+06	2.7003e+06	2.8523e+06
6	54	0	11437	6506	2418	2062	451	6317	7	0.0660377	3.6661e+06	3.8501e+06	2.7003e+06	2.8523e+06
6	55	0	11273	6317	2376	2142	438	6489	7	0.0660377	3.6661e+06	3.8501e+06	2.7003e+06	2.8523e+06
6	56	0	11478	6489	2343	2161	485	6792	7	0.0660377	3.6661e+06	3.8501e+06	2.7003e+06	2.8523e+06
6	57	0	11656	6792	2325	2074	465	6410	7	0.0660377	3.6661e+06	3.8501e+06	2.7003e+06	2.8523e+06
6	58	0	11469	6410	2491	2101	467	6615	7	0.0660377	3.6661e+06	3.8501e+06	2.7003e+06	2.8523e+06
6	59	0	11712	6615	2390	2236	471	6893	7	0.0660377	3.6661e+06	3.8501e+06	2.7003e+06	2.8523e+06
6	60	0	11944	6893	2369	2179	503	6748	7	0.0660377	3.6661e+06	3.8501e+06	2.7003e+06	2.8523e+06
6	61	0	11766	6748	2394	2143	481	6759	7	0.0660377	3.6661e+06	3.8501e+06	2.7003e+06	2.8523e+06
6	62	0	11946	6759	2502	2202	483	6915	8	0.0754717	3.6661e+06	3.8501e+06	2.7003e+06	2.8523e+06
6	63	0	12119	6915	2477	2253	474	6957	7	0.0660377	3.6661e+06	3.8501e+06	2.7003e+06	2.8523e+06
6	64	0	12212	6957	2521	2284	450	6981	7	0.0660377	3.6661e+06	3.8501e+06	2.7003e+06	2.8523e+06
6	65	0	12279	6981	2494	2304	500	7084	7	0.0660377	3.6661e+06	3.8501e+06	2.7003e+06	2.8523e+06
6	66	0	12408	7084	2492	2346	486	7378	7	0.0660377	3.6661e+06	3.8501e+06	2.7003e+06	2.8523e+06
6	67	0	12661	7378	2552	2277	454	7069	7	0.0660377	3.6661e+06	3.8501e+06	2.7003e+06	2.8523e+06
6	68	0	12495	7069	2656	2304	466	7134	7	0.0660377	3.6661e+06	3.8501e+06	2.7003e+06	2.8523e+06
6	69	0	12693	7134	2592	2454	513	7817	7	0.0660377	3.6661e+06	3.8501e+06	2.7003e+06	2.8523e+06
6	70	0	13260	7817	2543	2403	497	7177	7	0.0660377	3.6661e+06	3.8501e+06	2.7003e+06	2.8523e+06
6	71	0	12897	7177	2865	2349	506	7361	7	0.0660377	3.6661e+06	3.8501e+06	2.7003e+06	2.8523e+06
6	72	0	12957	7361	2561	2522	513	7749	7	0.0660377	3.6661e+06	3.8501e+06	2.7003e+06	2.8523e+06
6	73	0	13192	7749	2584	2316	543	7242	9	0.0849057	3.6661e+06	3.8501e+06	2.7003e+06	2.8843e+06
6	74	0	12879	7242	2778	2338	521	7319	9	0.0849057	3.6661e+06	3.8501e+06	2.7003e+06	2.8843e+06
6	75	0	12938	7319	2664	2466	489	7642	9	0.0849057	3.6661e+06	3.8501e+06	2.7003e+06	2.8843e+06
6	76	0	13315	7642	2692	2468	513	7747	9	0.0849057	3.6661e+06	3.8501e+06	2.7003e+06	2.8843e+06
6	77	0	13474	7747	2727	2485	515	7656	9	0.0849057	3.6661e+06	3.8501e+06	2.7003e+06	2.8843e+06
6	78	0	13421	7656	2749	2507	509	7775	10	0.0943396	3.6661e+06	3.8501e+06	2.7003e+06	2.8923e+06
6	79	0	13616	7775	2809	2539	493	7584	10	0.0943396	3.6661e+06	3.8501e+06	2.7003e+06	2.8843e+06
6	80	0	13573	7584	2845	2601	543	8078	10	0.0943396	3.5661e+06	3.8501e+06	2.7003e+06	2.8843e+06
6	81	0	13980	8078	2762	2563	577	7793	11	0.103774	3.5661e+06	3.8501e+06	2.7003e+06	2.8923e+06
6	82	0	13764	7793	2863	2549	559	7939	10	0.0943396	3.6661e+06	3.8501e+06	2.7003e+06	2.8843e+06
6	83	0	13849	7939	2817	2517	576	7891	10	0.0943396	3.6661e+06	3.8501e+06	2.7003e+06	2.8923e+06
6	84	0	13888	7891	2879	2584	534	7817	10	0.0943396	3.6661e+06	3.8501e+06	2.7003e+06	2.8923e+06
6	85	0	13765	7817	2842	2554	552	8025	12	0.113208	3.6661e+06	3.8741e+06	2.7003e+06	2.8923e+06
6	86	0	13961	8025	2817	2593	526	7838	11	0.103774	3.6661e+06	3.8741e+06	2.7003e+06	2.8923e+06
6	87	0	13808	7838	2785	2628	557	8142	10	0.0943396	3.6661e+06	3.8501e+06	2.7003e+06	2.8923e+06
6	88	0	14148	8142	2811	2570	625	8363	12	0.113208	3.6661e+06	3.8741e+06	2.7003e+06	2.8923e+06
6	89	0	14472	8363	2961	2559	589	7785	14	0.132075	3.6661e+06	3.9981e+06	2.6723e+06	2.9283e+06
6	90	0	14053	7785	3053	2656	559	8266	13	0.122642	3.6661e+06	3.8941e+06	2.7003e+06	2.9283e+06
6	91	0	14330	8266	2780	2734	550	8364	12	0.113208	3.6661e+06	3.8741e+06	2.7003e+06	2.8923e+06
6	92	0	14409	8364	2858	2598	589	8042	13	0.122642	3.6661e+06	3.8941e+06	2.7003e+06	2.8923e+06
6	93	0	14275	8042	3008	2619	606	8402	14	0.132075	3.6661e+06	3.9981e+06	2.6723e+06	2.8923e+06
6	94	0	14595	8402	2878	2712	603	8398	12	0.113208	3.6661e+06	3.8941e+06	2.7003e+06	2.8923e+06
6	95	0	14610	8398	2996	2598	618	8204	14	0.132075	3.6661e+06	3.8941e+06	2.7003e+06	2.9283e+06
6	96	0	14576	8204	3050	2749	573	8313	16	0.150943	3.6661e+06	3.9981e+06	2.6723e+06	2.9363e+06
6	97	0	14575	8313	2914	2750	598	8625	15	0.141509	3.6661e+06	3.9981e+06	2.6723e+06	2.9363e+06
6	98	0	14830	8625	2925	2650	630	8402	15	0.141509	3.6661e+06	3.8941e+06	2.7003e+06	2.9363e+06
6	99	0	14580	8402	3017	2584	577	8104	16	0.150943	3.6661e+06	3.9981e+06	2.6723e+06	2.9363e+06
6	100	0	14473	8104	3067	2743	559	0	16	0.150943	3.6661e+06	3.9981e+06	2.6723e+06	2.9363e+06
7	0	0	40	0	0	20	20	203	1	0.00943396	3.6661e+06	3.7541e+06	2.7443e+06	2.7843e+06
7	1	0	219	203	0	7	9	73	1	0.00943396	3.6661e+06	3.7541e+06	2.7443e+06	2.7843e+06
7	2	0	174	73	91	3	7	41	1	0.00943396	3.6661e+06	3.7541e+06	2.7443e+06	2.7843e+06
7	3	0	139	41	34	59	5	283	1	0.00943396	3.6661e+06	3.7541e+06	2.7443e+06	2.7843e+06
7	4	0	342	283	17	32	10	199	1	0.00943396	3.6661e+06	3.7541e+06	2.7443e+06	2.7843e+06
7	5	0	343	199	115	20	9	145	1	0.00943396	3.6661e+06	3.7541e+06	2.7443e+06	2.7843e+06
7	6	0	318	145	81	85	7	397	1	0.00943396	3.6661e+06	3.7541e+06	2.7443e+06	2.7843e+06
7	7	0	550	397	64	74	15	398	1	0.00943396	3.6661e+06	3.7541e+06	2.7443e+06	2.7843e+06
7	8	0	644	398	168	56	22	352	1	0.00943396	3.6661e+06	3.7541e+06	2.7443e+06	2.7843e+06
7	9	0	666	352	167	126	21	591	1	0.00943396	3.6661e+06	3.7541e+06	2.7443e+06	2.7843e+06
7	10	0	917	591	159	133	34	717	1	0.00943396	3.6661e+06	3.7541e+06	2.7443e+06	2.7843e+06
7	11	0	1147	717	242	147	41	760	1	0.00943396	3.6661e+06	3.7541e+06	2.7443e+06	2.7843e+06
7	12	0	1301	760	304	200	37	936	1	0.00943396	3.6661e+06	3.7541e+06	2.7443e+06	2.7843e+06
7	13	0	1602	936	355	266	45	1162	1	0.00943396	3.6661e+06	3.7541e+06	2.7443e+06	2.7843e+06
7	14	0	1951	1162	418	310	61	1304	1	0.00943396	3.6661e+06	3.7541e+06	2.7443e+06	2.7843e+06
7	15	0	2251	1304	504	376	67	1534	1	0.00943396	3.6661e+06	3.7541e+06	2.7443e+06	2.7843e+06
7	16	0	2603	1534	555	436	78	1713	1	0.00943396	3.6661e+06	3.7541e+06	2.7443e+06	2.7843e+06
7	17	0	2930	1713	635	490	92	1906	1	0.00943396	3.6661e+06	3.7541e+06	2.7443e+06	2.7843e+06
7	18	0	3251	1906	706	537	102	1975	3	0.0283019	3.6661e+06	3.7861e+06	2.7003e+06	2.7843e+06
7	19	0	3536	1975	826	624	111	2162	3	0.0283019	3.6661e+06	3.7861e+06	2.7003e+06	2.7843e+06
7	20	0	3846	2162	837	706	141	2335	2	0.0188679	3.6661e+06	3.7541e+06	2.7003e+06	2.7843e+06
7	21	0	4140	2335	917	747	141	2538	3	0.0283019	3.6661e+06	3.7861e+06	2.7003e+06	2.7843e+06
7	22	0	4469	2538	957	821	153	2703	3	0.0283019	3.6661e+06	3.7861e+06	2.7003e+06	2.7843e+06
7	23	0	4736	2703	996	844	193	2920	3	0.0283019	3.6661e+06	3.7861e+06	2.7003e+06	2.7843e+06
7	24	0	5077	2920	1081	885	191	3002	3	0.0283019	3.6661e+06	3.7861e+06	2.7003e+06	2.7843e+06
7	25	0	5307	3002	1168	954	183	3272	4	0.0377358	3.6661e+06	3.7861e+06	2.7003e+06	2.8043e+06
7	26	0	5715	3272	1208	1041	194	3598	4	0.0377358	3.6661e+06	3.7861e+06	2.7003e+06	2.8043e+06
7	27	0	6249	3598	1359	1086	206	3802	4	0.0377358	3.6661e+06	3.7861e+06	2.7003e+06	2.8043e+06
7	28	0	6680	3802	1449	1197	232	4132	4	0.0377358	3.6661e+06	3.7861e+06	2.7003e+06	2.8043e+06
7	29	0	7248	4132	1535	1327	254	4575	4	0.0377358	3.6661e+06	3.7861e+06	2.7003e+06	2.8043e+06
7	30	0	7938	4575	1663	1418	282	5007	4	0.0377358	3.6661e+06	3.7861e+06	2.7003e+06	2.8043e+06
7	31	0	8634	5007	1838	1492	297	5070	4	0.0377358	3.6661e+06	3.7861e+06	2.7003e+06	2.8043e+06
7	32	0	9012	5070	1981	1630	331	5379	4	0.0377358	3.6661e+06	3.7861e+06	2.7003e+06	2.8043e+06
7	33	0	9409	5379	1965	1754	311	5538	4	0.0377358	3.6661e+06	3.7861e+06	2.7003e+06	2.8043e+06
7	34	0	9738	5538	2059	1782	359	5663	4	0.0377358	3.6661e+06	3.7861e+06	2.7003e+06	2.8043e+06
7	35	0	10053	5663	2167	1839	384	5805	4	0.0377358	3.6661e+06	3.7861e+06	2.7003e+06	2.8043e+06
7	36	0	10303	5805	2178	1945	375	6098	4	0.0377358	3.6661e+06	3.7861e+06	2.7003e+06	2.8043e+06
7	37	0	10634	6098	2195	1941	400	6105	4	0.0377358	3.6661e+06	3.7861e+06	2.7003e+06	2.8043e+06
7	38	0	10672	6105	2197	1952	418	6123	4	0.0377358	3.6661e+06	3.7861e+06	2.7003e+06	2.8043e+06
7	39	0	10816	6123	2276	1980	437	6210	4	0.0377358	3.6661e+06	3.7861e+06	2.7003e+06	2.8043e+06
7	40	0	10962	6210	2309	2029	414	6134	4	0.0377358	3.6661e+06	3.7861e+06	2.7003e+06	2.8043e+06
7	41	0	10945	6134	2273	2102	436	6578	4	0.0377358	3.6661e+06	3.7861e+06	2.7003e+06	2.8043e+06
7	42	0	11284	6578	2208	2039	459	6374	4	0.0377358	3.6661e+06	3.7861e+06	2.7003e+06	2.8043e+06
7	43	0	11185	6374	2338	2013	460	6121	4	0.0377358	3.6661e+06	3.7861e+06	2.7003e+06	2.8043e+06
7	44	0	11030	6121	2344	2086	479	6670	5	0.0471698	3.6661e+06	3.7901e+06	2.7003e+06	2.8363e+06
7	45	0	11513	6670	2230	2135	478	6599	4	0.0377358	3.6661e+06	3.7861e+06	2.7003e+06	2.8043e+06
7	46	0	11460	6599	2347	2068	446	6156	5	0.0471698	3.6661e+06	3.7901e+06	2.7003e+06	2.8363e+06
7	47	0	11130	6156	2397	2118	459	6689	7	0.0660377	3.6661e+06	3.8501e+06	2.7003e+06	2.8523e+06
7	48	0	11600	6689	2246	2180	485	6620	6	0.0566038	3.6661e+06	3.8101e+06	2.7003e+06	2.8523e+06
7	49	0	11481	6620	2334	2071	456	6301	6	0.0566038	3.6661e+06	3.8101e+06	2.7003e+06	2.8523e+06
7	50	0	11300	6301	2495	2030	474	6274	7	0.0660377	3.6661e+06	3.8221e+06	2.7003e+06	2.8523e+06
7	51	0	11253	6274	2333	2169	477	6850	6	0.0566038	3.6661e+06	3.8101e+06	2.7003e+06	2.8523e+06
7	52	0	11643	6850	2220	2079	494	6491	6	0.0566038	3.6661e+06	3.8101e+06	2.7003e+06	2.8523e+06
7	53	0	11497	6491	2489	2047	470	6210	7	0.0660377	3.6661e+06	3.8501e+06	2.7003e+06	2.8523e+06
7	54	0	11207	6210	2308	2254	435	6910	7	0.0660377	3.6661e+06	3.8221e+06	2.7003e+06	2.8523e+06
7	55	0	11756	6910	2211	2184	451	6596	7	0.0660377	3.6661e+06	3.8221e+06	2.7003e+06	2.8523e+06
7	56	0	11507	6596	2427	2002	482	6282	7	0.0660377	3.6661e+06	3.8501e+06	2.7003e+06	2.8523e+06
7	57	0	11372	6282	2414	2242	434	6774	6	0.0566038	3.6661e+06	3.8101e+06	2.7003e+06	2.8523e+06
7	58	0	11646	6774	2246	2170	456	6697	7	0.0660377	3.6661e+06	3.8221e+06	2.7003e+06	2.8523e+06
7	59	0	11747	6697	2432	2140	478	6564	8	0.0754717	3.6661e+06	3.8501e+06	2.7003e+06	2.8523e+06
7	60	0	11584	6564	2375	2204	441	6872	8	0.0754717	3.6661e+06	3.8221e+06	2.7003e+06	2.8723e+06
7	61	0	11878	6872	2388	2154	464	6682	7	0.0660377	3.6661e+06	3.8221e+06	2.7003e+06	2.8523e+06
7	62	0	11811	6682	2445	2205	479	6896	8	0.0754717	3.6661e+06	3.8501e+06	2.7003e+06	2.8523e+06
7	63	0	11944	6896	2409	2167	472	6760	8	0.0754717	3.6661e+06	3.8501e+06	2.7003e+06	2.8523e+06
7	64	0	11933	6760	2513	2213	447	6831	8	0.0754717	3.6661e+06	3.8501e+06	2.7003e+06	2.8523e+06
7	65	0	12002	6831	2450	2262	459	7171	8	0.0754717	3.6661e+06	3.8501e+06	2.7003e+06	2.8523e+06
7	66	0	12392	7171	2496	2243	482	7064	8	0.0754717	3.6661e+06	3.8501e+06	2.7003e+06	2.8523e+06
7	67	0	12453	7064	2617	2286	486	7102	9	0.0849057	3.6661e+06	3.8501e+06	2.7003e+06	2.8723e+06
7	68	0	12589	7102	2589	2354	544	7536	8	0.0754717	3.6661e+06	3.8501e+06	2.7003e+06	2.8523e+06
7	69	0	12964	7536	2547	2383	498	7285	9	0.0849057	3.6661e+06	3.8501e+06	2.7003e+06	2.8843e+06
7	70	0	12845	7285	2652	2378	530	7409	10	0.0943396	3.6661e+06	3.8501e+06	2.7003e+06	2.8843e+06
7	71	0	13080	7409	2679	2473	519	7422	10	0.0943396	3.6661e+06	3.8501e+06	2.7003e+06	2.8843e+06
7	72	0	13028	7422	2696	2394	516	7483	8	0.0754717	3.6661e+06	3.8501e+06	2.7003e+06	2.8523e+06
7	73	0	13134	7483	2700	2416	535	7481	10	0.0943396	3.6661e+06	3.8501e+06	2.7003e+06	2.8843e+06
7	74	0	13174	7481	2682	2458	553	7664	10	0.0943396	3.6661e+06	3.8501e+06	2.7003e+06	2.8843e+06
7	75	0	13263	7664	2633	2425	541	7453	9	0.0849057	3.6661e+06	3.8501e+06	2.7003e+06	2.8843e+06
7	76	0	13233	7453	2888	2363	529	7384	10	0.0943396	3.6661e+06	3.8501e+06	2.7003e+06	2.8843e+06
7	77	0	13147	7384	2722	2542	499	7796	10	0.0943396	3.6661e+06	3.8501e+06	2.7003e+06	2.8843e+06
7	78	0	13561	7796	2651	2545	569	8084	10	0.0943396	3.6661e+06	3.8501e+06	2.7003e+06	2.8843e+06
7	79	0	13906	8084	2831	2434	557	7658	10	0.0943396	3.6661e+06	3.8501e+06	2.7003e+06	2.8843e+06
7	80	0	13691	7658	2950	2555	528	8207	10	0.0943396	3.6661e+06	3.8501e+06	2.7003e+06	2.8843e+06
7	81	0	14131	8207	2755	2632	537	8242	10	0.0943396	3.6661e+06	3.8501e+06	2.7003e+06	2.8843e+06
7	82	0	14292	8242	2964	2504	582	7942	10	0.0943396	3.6661e+06	3.8501e+06	2.7003e+06	2.8843e+06
7	83	0	14147	7942	2992	2669	544	8161	10	0.0943396	3.6661e+06	3.8501e+06	2.7003e+06	2.8843e+06
7	84	0	14358	8161	2928	2699	570	8288	10	0.0943396	3.6661e+06	3.8501e+06	2.7003e+06	2.8843e+06
7	85	0	14472	8288	2937	2657	590	8430	11	0.103774	3.6661e+06	3.8501e+06	2.6683e+06	2.8843e+06
7	86	0	14714	8430	2993	2698	593	8399	12	0.113208	3.6661e+06	3.8941e+06	2.6683e+06	2.8843e+06
7	87	0	14795	8399	3032	2748	616	8587	11	0.103774	3.6661e+06	3.8501e+06	2.6683e+06	2.8843e+06
7	88	0	15018	8587	3034	2789	608	8658	12	0.113208	3.6661e+06	3.8901e+06	2.6683e+06	2.8843e+06
7	89	0	15096	8658	3072	2783	583	8650	13	0.122642	3.6661e+06	3.8621e+06	2.6683e+06	2.8923e+06
7	90	0	15215	8650	3197	2762	606	8765	15	0.141509	3.6661e+06	3.8941e+06	2.6683e+06	2.9363e+06
7	91	0	15312	8765	3098	2842	607	8967	15	0.141509	3.6661e+06	3.8941e+06	2.6683e+06	2.9283e+06
7	92	0	15570	8967	3187	2810	606	8791	14	0.132075	3.6661e+06	3.8901e+06	2.6603e+06	2.8923e+06
7	93	0	15607	8791	3270	2940	606	9057	16	0.150943	3.6661e+06	3.8941e+06	2.6683e+06	2.9363e+06
7	94	0	15803	9057	3177	2923	646	9162	16	0.150943	3.6661e+06	3.8941e+06	2.6683e+06	2.9363e+06
7	95	0	16006	9162	3335	2882	627	9008	17	0.160377	3.6661e+06	3.8941e+06	2.6603e+06	2.9363e+06
7	96	0	16034	9008	3398	3022	606	9420	16	0.150943	3.6661e+06	3.8941e+06	2.6683e+06	2.9363e+06
7	97	0	16343	9420	3252	3054	617	9558	16	0.150943	3.6661e+06	3.8941e+06	2.6683e+06	2.9363e+06
7	98	0	16642	9558	3439	2965	680	9312	17	0.160377	3.6661e+06	3.8941e+06	2.6603e+06	2.9363e+06
7	99	0	16446	9312	3410	3090	634	9805	18	0.169811	3.6661e+06	3.8941e+06	2.6603e+06	2.9363e+06
7	100	0	16973	9805	3449	3069	650	0	18	0.169811	3.6661e+06	3.8941e+06	2.6603e+06	2.9363e+06
8	0	0	40	0	0	20	20	216	1	0.00943396	3.6661e+06	3.7541e+06	2.7443e+06	2.7843e+06
8	1	0	229	216	0	5	8	77	1	0.00943396	3.6661e+06	3.7541e+06	2.7443e+06	2.7843e+06
8	2	0	172	77	93	0	2	12	1	0.00943396	3.6661e+06	3.7541e+06	2.7443e+06	2.7843e+06
8	3	0	112	12	36	64	0	228	1	0.00943396	3.6661e+06	3.7541e+06	2.7443e+06	2.7843e+06
8	4	0	286	228	5	48	5	221	1	0.00943396	3.6661e+06	3.7541e+06	2.7443e+06	2.7843e+06
8	5	0	340	221	93	16	10	129	1	0.00943396	3.6661e+06	3.7541e+06	2.7443e+06	2.7843e+06
8	6	0	299	129	99	62	9	353	1	0.00943396	3.6661e+06	3.7541e+06	2.7443e+06	2.7843e+06
8	7	0	502	353	49	85	15	446	1	0.00943396	3.6661e+06	3.7541e+06	2.7443e+06	2.7843e+06
8	8	0	675	446	152	56	21	326	1	0.00943396	3.6661e+06	3.7541e+06	2.7443e+06	2.7843e+06
8	9	0	647	326	186	117	18	578	1	0.00943396	3.6661e+06	3.7541e+06	2.7443e+06	2.7843e+06
8	10	0	897	578	148	153	18	694	1	0.00943396	3.6661e+06	3.7541e+06	2.7443e+06	2.7843e+06
8	11	0	1080	694	228	139	19	615	1	0.00943396	3.6661e+06	3.7541e+06	2.7443e+06	2.7843e+06
8	12	0	1128	615	297	185	31	844	1	0.00943396	3.6661e+06	3.7541e+06	2.7443e+06	2.7843e+06
8	13	0	1394	844	264	252	34	1117	1	0.00943396	3.6661e+06	3.7541e+06	2.7443e+06	2.7843e+06
8	14	0	1741	1117	329	249	46	1045	1	0.00943396	3.6661e+06	3.7541e+06	2.7443e+06	2.7843e+06
8	15	0	1855	1045	458	292	60	1332	1	0.00943396	3.6661e+06	3.7541e+06	2.7443e+06	2.7843e+06
8	16	0	2232	1332	443	389	68	1557	1	0.00943396	3.6661e+06	3.7541e+06	2.7443e+06	2.7843e+06
8	17	0	2572	1557	545	392	78	1538	2	0.0188679	3.6661e+06	3.7541e+06	2.7003e+06	2.7843e+06
8	18	0	2721	1538	650	460	73	1770	2	0.0188679	3.6661e+06	3.7541e+06	2.7003e+06	2.7843e+06
8	19	0	3134	1770	683	576	105	2115	2	0.0188679	3.6661e+06	3.7861e+06	2.7443e+06	2.7843e+06
8	20	0	3542	2115	733	584	110	2060	2	0.0188679	3.6661e+06	3.7541e+06	2.7003e+06	2.7843e+06
8	21	0	3713	2060	885	637	131	2266	3	0.0283019	3.6661e+06	3.7861e+06	2.7003e+06	2.7843e+06
8	22	0	4015	2266	874	749	126	2406	3	0.0283019	3.6661e+06	3.7861e+06	2.7003e+06	2.7843e+06
8	23	0	4246	2406	915	786	139	2557	3	0.0283019	3.6661e+06	3.7861e+06	2.7003e+06	2.7843e+06
8	24	0	4531	2557	961	848	165	2910	4	0.0377358	3.6661e+06	3.7861e+06	2.7003e+06	2.8043e+06
8	25	0	4964	2910	1027	873	154	2779	3	0.0283019	3.6661e+06	3.7861e+06	2.7003e+06	2.7843e+06
8	26	0	5012	2779	1117	924	192	3306	4	0.0377358	3.6661e+06	3.7861e+06	2.7003e+06	2.8043e+06
8	27	0	5676	3306	1179	986	205	3474	4	0.0377358	3.6661e+06	3.7861e+06	2.7003e+06	2.8043e+06
8	28	0	6066	3474	1308	1060	224	3770	4	0.0377358	3.6661e+06	3.7861e+06	2.7003e+06	2.8043e+06
8	29	0	6460	3770	1327	1127	236	4187	4	0.0377358	3.6661e+06	3.7861e+06	2.7003e+06	2.8043e+06
8	30	0	7132	4187	1525	1174	246	4099	4	0.0377358	3.6661e+06	3.7861e+06	2.7003e+06	2.8043e+06
8	31	0	7398	4099	1708	1346	245	4689	4	0.0377358	3.6661e+06	3.7861e+06	2.7003e+06	2.8043e+06
8	32	0	8133	4689	1645	1529	270	5089	4	0.0377358	3.6661e+06	3.7861e+06	2.7003e+06	2.8043e+06
8	33	0	8776	5089	1920	1471	296	4899	4	0.0377358	3.6661e+06	3.7861e+06	2.7003e+06	2.8043e+06
8	34	0	8938	4899	2063	1695	281	5352	4	0.0377358	3.6661e+06	3.7861e+06	2.7003e+06	2.8043e+06
8	35	0	9587	5352	2010	1892	333	5995	4	0.0377358	3.6661e+06	3.7861e+06	2.7003e+06	2.8043e+06
8	36	0	10343	5995	2114	1839	395	5876	4	0.0377358	3.6661e+06	3.7861e+06	2.7003e+06	2.8043e+06
8	37	0	10509	5876	2304	1921	408	6031	4	0.0377358	3.6661e+06	3.7861e+06	2.7003e+06	2.8043e+06
8	38	0	10700	6031	2189	2064	416	6461	4	0.0377358	3.6661e+06	3.7861e+06	2.7003e+06	2.8043e+06
8	39	0	11258	6461	2289	2059	449	6172	4	0.0377358	3.6661e+06	3.7861e+06	2.7003e+06	2.8043e+06
8	40	0	10984	6172	2347	2015	450	6229	4	0.0377358	3.6661e+06	3.7861e+06	2.7003e+06	2.8043e+06
8	41	0	11087	6229	2268	2112	478	6633	4	0.0377358	3.6661e+06	3.7861e+06	2.7003e+06	2.8043e+06
8	42	0	11371	6633	2192	2061	485	6424	4	0.0377358	3.6661e+06	3.7861e+06	2.7003e+06	2.8043e+06
8	43	0	11282	6424	2454	1970	434	6056	4	0.0377358	3.6661e+06	3.7861e+06	2.7003e+06	2.8043e+06
8	44	0	10968	6056	2338	2168	406	6586	4	0.0377358	3.6661e+06	3.7861e+06	2.7003e+06	2.8043e+06
8	45	0	11338	6586	2194	2113	445	6373	4	0.0377358	3.6661e+06	3.7861e+06	2.7003e+06	2.8043e+06
8	46	0	11166	6373	2358	1974	461	6339	5	0.0471698	3.6661e+06	3.8101e+06	2.7003e+06	2.8523e+06
8	47	0	11254	6339	2323	2125	467	6562	4	0.0377358	3.6661e+06	3.7861e+06	2.7003e+06	2.8043e+06
8	48	0	11365	6562	2200	2147	456	6675	4	0.0377358	3.6661e+06	3.7861e+06	2.7003e+06	2.8043e+06
8	49	0	11515	6675	2359	2026	455	6165	6	0.0566038	3.6661e+06	3.8501e+06	2.7003e+06	2.8523e+06
8	50	0	11100	6165	2365	2114	456	6506	5	0.0471698	3.6661e+06	3.8101e+06	2.7003e+06	2.8523e+06
8	51	0	11320	6506	2236	2149	429	6359	7	0.0660377	3.6661e+06	3.8221e+06	2.7003e+06	2.8523e+06
8	52	0	11244	6359	2330	2126	429	6590	8	0.0754717	3.6661e+06	3.8501e+06	2.7003e+06	2.8523e+06
8	53	0	11444	6590	2263	2140	451	6592	6	0.0566038	3.6661e+06	3.8101e+06	2.7003e+06	2.8523e+06
8	54	0	11476	6592	2345	2090	449	6473	7	0.0660377	3.6661e+06	3.8501e+06	2.7003e+06	2.8363e+06
8	55	0	11389	6473	2382	2080	454	6288	8	0.0754717	3.6661e+06	3.8501e+06	2.7003e+06	2.8523e+06
8	56	0	11291	6288	2344	2202	457	6716	8	0.0754717	3.6661e+06	3.8501e+06	2.7003e+06	2.8523e+06
8	57	0	11509	6716	2228	2115	450	6423	9	0.0849057	3.5661e+06	3.8501e+06	2.7003e+06	2.8523e+06
8	58	0	11287	6423	2392	2018	454	6399	8	0.0754717	3.6661e+06	3.8501e+06	2.7003e+06	2.8523e+06
8	59	0	11315	6399	2328	2133	455	6586	8	0.0754717	3.6661e+06	3.8501e+06	2.7003e+06	2.8523e+06
8	60	0	11540	6586	2382	2112	460	6528	8	0.0754717	3.6661e+06	3.8501e+06	2.7003e+06	2.8523e+06
8	61	0	11544	6528	2401	2152	463	6511	8	0.0754717	3.6661e+06	3.8501e+06	2.7003e+06	2.8523e+06
8	62	0	11521	6511	2379	2167	464	6767	8	0.0754717	3.6661e+06	3.8501e+06	2.7003e+06	2.8523e+06
8	63	0	11705	6767	2341	2157	440	6624	8	0.0754717	3.6661e+06	3.8501e+06	2.7003e+06	2.8523e+06
8	64	0	11582	6624	2379	2113	466	6776	8	0.0754717	3.6661e+06	3.8501e+06	2.7003e+06	2.8523e+06
8	65	0	11871	6776	2507	2096	492	6578	8	0.0754717	3.6661e+06	3.8501e+06	2.7003e+06	2.8523e+06
8	66	0	11785	6578	2474	2222	511	7224	8	0.0754717	3.6661e+06	3.8501e+06	2.7003e+06	2.8523e+06
8	67	0	12368	7224	2383	2256	505	7064	8	0.0754717	3.6661e+06	3.8501e+06	2.7003e+06	2.8523e+06
8	68	0	12339	7064	2585	2203	487	7241	8	0.0754717	3.6661e+06	3.8501e+06	2.7003e+06	2.8523e+06
8	69	0	12576	7241	2533	2338	464	7096	8	0.0754717	3.6661e+06	3.8501e+06	2.7003e+06	2.8523e+06
8	70	0	12641	7096	2654	2379	512	7508	8	0.0754717	3.6661e+06	3.8501e+06	2.7003e+06	2.8523e+06
8	71	0	13004	7508	2560	2400	536	7598	8	0.0754717	3.6661e+06	3.8501e+06	2.7003e+06	2.8523e+06
8	72	0	13152	7598	2702	2316	536	7485	8	0.0754717	3.6661e+06	3.8501e+06	2.7003e+06	2.8523e+06
8	73	0	13279	7485	2810	2444	540	7741	8	0.0754717	3.6661e+06	3.8501e+06	2.7003e+06	2.8523e+06
8	74	0	13556	7741	2768	2473	574	7989	9	0.0849057	3.6661e+06	3.8501e+06	2.6683e+06	2.8523e+06
8	75	0	13897	7989	2836	2539	533	7893	9	0.0849057	3.6661e+06	3.8501e+06	2.6683e+06	2.8523e+06
8	76	0	13965	7893	2946	2594	532	7904	9	0.0849057	3.6661e+06	3.8501e+06	2.6683e+06	2.8523e+06
8	77	0	13962	7904	2875	2622	561	8136	10	0.0943396	3.6661e+06	3.8621e+06	2.6683e+06	2.8523e+06
8	78	0	14137	8136	2829	2628	544	8003	11	0.103774	3.6661e+06	3.8621e+06	2.6683e+06	2.8723e+06
8	79	0	14119	8003	3040	2507	569	7825	12	0.113208	3.6661e+06	3.8621e+06	2.6683e+06	2.8843e+06
8	80	0	14139	7825	3030	2739	545	8478	11	0.103774	3.6661e+06	3.8621e+06	2.6683e+06	2.8843e+06
8	81	0	14626	8478	2833	2750	565	8392	12	0.113208	3.6661e+06	3.8621e+06	2.6683e+06	2.8843e+06
8	82	0	14612	8392	3055	2578	587	8191	12	0.113208	3.6661e+06	3.8621e+06	2.6683e+06	2.8843e+06
8	83	0	14639	8191	3127	2745	576	8522	12	0.113208	3.6661e+06	3.8621e+06	2.6683e+06	2.8843e+06
8	84	0	14816	8522	2925	2811	558	8600	14	0.132075	3.6661e+06	3.8941e+06	2.6603e+06	2.8843e+06
8	85	0	15024	8600	3160	2683	581	8513	13	0.122642	3.6661e+06	3.8941e+06	2.6683e+06	2.8843e+06
8	86	0	15036	8513	3095	2817	611	8902	14	0.132075	3.6661e+06	3.8941e+06	2.6683e+06	2.8843e+06
8	87	0	15367	8902	3038	2817	610	9009	16	0.150943	3.6661e+06	3.8941e+06	2.6603e+06	2.8923e+06
8	88	0	15557	9009	3174	2742	632	8600	15	0.141509	3.6661e+06	3.8941e+06	2.6603e+06	2.8843e+06
8	89	0	15420	8600	3262	2908	650	9313	15	0.141509	3.6661e+06	3.8941e+06	2.6603e+06	2.8843e+06
8	90	0	16140	9313	3172	2996	659	9444	15	0.141509	3.6661e+06	3.8941e+06	2.6603e+06	2.8843e+06
8	91	0	16276	9444	3313	2875	644	8909	15	0.141509	3.6661e+06	3.8941e+06	2.6603e+06	2.8843e+06
8	92	0	15966	8909	3416	3034	607	9439	16	0.150943	3.6661e+06	3.8941e+06	2.6603e+06	2.8843e+06
8	93	0	16423	9439	3267	3069	648	9641	15	0.141509	3.6661e+06	3.8941e+06	2.6603e+06	2.8843e+06
8	94	0	16595	9641	3376	2923	655	9331	16	0.150943	3.6661e+06	3.9981e+06	2.6603e+06	2.8843e+06
8	95	0	16560	9331	3525	3077	627	9477	15	0.141509	3.6661e+06	3.8941e+06	2.6603e+06	2.8843e+06
8	96	0	16724	9477	3421	3195	631	9799	15	0.141509	3.6661e+06	3.8941e+06	2.6603e+06	2.8843e+06
8	97	0	17043	9799	3401	3166	677	9818	16	0.150943	3.6661e+06	3.8941e+06	2.6603e+06	2.8843e+06
8	98	0	17038	9818	3445	3048	727	9547	16	0.150943	3.6661e+06	3.8941e+06	2.6603e+06	2.8843e+06
8	99	0	16984	9547	3625	3138	674	9669	16	0.150943	3.6661e+06	3.8941e+06	2.6603e+06	2.8843e+06
8	100	0	17072	9669	3467	3265	671	0	17	0.160377	3.6661e+06	3.8941e+06	2.6603e+06	2.8923e+06
9	0	0	40	0	0	20	20	191	1	0.00943396	3.6661e+06	3.7541e+06	2.7443e+06	2.7843e+06
9	1	0	208	191	0	6	11	102	1	0.00943396	3.6661e+06	3.7541e+06	2.7443e+06	2.7843e+06
9	2	0	188	102	79	5	2	32	1	0.00943396	3.6661e+06	3.7541e+06	2.7443e+06	2.7843e+06
9	3	0	141	32	54	53	2	249	1	0.00943396	3.6661e+06	3.7541e+06	2.7443e+06	2.7843e+06
9	4	0	324	249	13	49	13	272	1	0.00943396	3.6661e+06	3.7541e+06	2.7443e+06	2.7843e+06
9	5	0	417	272	112	18	15	144	1	0.00943396	3.6661e+06	3.7541e+06	2.7443e+06	2.7843e+06
9	6	0	341	144	103	88	6	407	1	0.00943396	3.6661e+06	3.7541e+06	2.7443e+06	2.7843e+06
9	7	0	580	407	67	89	17	452	1	0.00943396	3.6661e+06	3.7541e+06	2.7443e+06	2.7843e+06
9	8	0	718	452	187	61	18	343	1	0.00943396	3.6661e+06	3.7541e+06	2.7443e+06	2.7843e+06
9	9	0	662	343	172	136	11	651	1	0.00943396	3.6661e+06	3.7541e+06	2.7443e+06	2.7843e+06
9	10	0	975	651	149	150	25	755	1	0.00943396	3.6661e+06	3.7541e+06	2.7443e+06	2.7843e+06
9	11	0	1223	755	296	143	29	682	1	0.00943396	3.6661e+06	3.7541e+06	2.7443e+06	2.7843e+06
9	12	0	1259	682	312	229	36	975	1	0.00943396	3.6661e+06	3.7541e+06	2.7443e+06	2.7843e+06
9	13	0	1578	975	293	262	48	1163	1	0.00943396	3.6661e+06	3.7541e+06	2.7443e+06	2.7843e+06
9	14	0	1870	1163	397	261	49	1129	1	0.00943396	3.6661e+06	3.7541e+06	2.7443e+06	2.7843e+06
9	15	0	2032	1129	483	354	66	1478	2	0.0188679	3.6661e+06	3.7861e+06	2.7443e+06	2.7843e+06
9	16	0	2451	1478	461	428	84	1750	1	0.00943396	3.6661e+06	3.7541e+06	2.7443e+06	2.7843e+06
9	17	0	2892	1750	645	414	83	1631	1	0.00943396	3.6661e+06	3.7541e+06	2.7443e+06	2.7843e+06
9	18	0	2980	1631	705	542	102	2006	3	0.0283019	3.6661e+06	3.7861e+06	2.7003e+06	2.7843e+06
9	19	0	3482	2006	753	623	100	2248	3	0.0283019	3.6661e+06	3.7861e+06	2.7003e+06	2.7843e+06
9	20	0	3879	2248	841	671	119	2238	3	0.0283019	3.6661e+06	3.7861e+06	2.7003e+06	2.7843e+06
9	21	0	4096	2238	960	768	130	2528	4	0.0377358	3.6661e+06	3.7861e+06	2.7003e+06	2.8043e+06
9	22	0	4404	2528	894	834	148	2838	4	0.0377358	3.6661e+06	3.7861e+06	2.7003e+06	2.8043e+06
9	23	0	4876	2838	1056	818	164	2674	4	0.0377358	3.6661e+06	3.7861e+06	2.7003e+06	2.8043e+06
9	24	0	4920	2674	1144	913	189	3207	4	0.0377358	3.6661e+06	3.7861e+06	2.7003e+06	2.8043e+06
9	25	0	5443	3207	1033	1023	180	3463	4	0.0377358	3.6661e+06	3.7861e+06	2.7003e+06	2.8043e+06
9	26	0	5882	3463	1262	934	223	3510	4	0.0377358	3.6661e+06	3.7861e+06	2.7003e+06	2.8043e+06
9	27	0	6170	3510	1344	1121	195	3855	4	0.0377358	3.6661e+06	3.7861e+06	2.7003e+06	2.8043e+06
9	28	0	6657	3855	1372	1190	240	4317	4	0.0377358	3.6661e+06	3.7861e+06	2.7003e+06	2.8043e+06
9	29	0	7282	4317	1552	1178	235	4145	4	0.0377358	3.6661e+06	3.7861e+06	2.7003e+06	2.8043e+06
9	30	0	7481	4145	1718	1356	262	4872	4	0.0377358	3.6661e+06	3.7861e+06	2.7003e+06	2.8043e+06
9	31	0	8306	4872	1653	1499	282	5108	4	0.0377358	3.6661e+06	3.7861e+06	2.7003e+06	2.8043e+06
9	32	0	8893	5108	1949	1524	312	5087	4	0.0377358	3.6661e+06	3.7861e+06	2.7003e+06	2.8043e+06
9	33	0	9170	5087	2034	1743	306	5725	4	0.0377358	3.6661e+06	3.7861e+06	2.7003e+06	2.8043e+06
9	34	0	10007	5725	2062	1874	346	5835	4	0.0377358	3.6661e+06	3.7861e+06	2.7003e+06	2.8043e+06
9	35	0	10264	5835	2207	1858	364	5971	4	0.0377358	3.6661e+06	3.7861e+06	2.7003e+06	2.8043e+06
9	36	0	10466	5971	2161	1938	396	6146	4	0.0377358	3.6661e+06	3.7861e+06	2.7003e+06	2.8043e+06
9	37	0	10806	6146	2259	1969	432	6416	4	0.0377358	3.6661e+06	3.7861e+06	2.7003e+06	2.8043e+06
9	38	0	11169	6416	2297	2015	441	6132	4	0.0377358	3.6661e+06	3.7861e+06	2.7003e+06	2.8043e+06
9	39	0	11081	6132	2348	2127	474	6703	4	0.0377358	3.6661e+06	3.7861e+06	2.7003e+06	2.8043e+06
9	40	0	11424	6703	2181	2118	422	6349	4	0.0377358	3.6661e+06	3.7861e+06	2.7003e+06	2.8043e+06
9	41	0	11228	6349	2377	2054	448	6296	4	0.0377358	3.6661e+06	3.7861e+06	2.7003e+06	2.8043e+06
9	42	0	11204	6296	2329	2124	455	6664	4	0.0377358	3.6661e+06	3.7861e+06	2.7003e+06	2.8043e+06
9	43	0	11566	6664	2303	2144	455	6555	6	0.0566038	3.6661e+06	3.8501e+06	2.7003e+06	2.8363e+06
9	44	0	11505	6555	2353	2136	461	6395	4	0.0377358	3.6661e+06	3.7861e+06	2.7003e+06	2.8043e+06
9	45	0	11366	6395	2357	2151	463	6381	5	0.0471698	3.6661e+06	3.7901e+06	2.7003e+06	2.8363e+06
9	46	0	11290	6381	2331	2126	452	6482	6	0.0566038	3.6661e+06	3.8501e+06	2.7003e+06	2.8363e+06
9	47	0	11361	6482	2284	2122	473	6485	5	0.0471698	3.6661e+06	3.7901e+06	2.7003e+06	2.8363e+06
9	48	0	11253	6485	2251	2084	433	6310	5	0.0471698	3.6661e+06	3.7901e+06	2.7003e+06	2.8363e+06
9	49	0	11137	6310	2326	2052	449	6479	6	0.0566038	3.6661e+06	3.8501e+06	2.7003e+06	2.8363e+06
9	50	0	11333	6479	2331	2084	439	6385	6	0.0566038	3.6661e+06	3.8501e+06	2.7003e+06	2.8363e+06
9	51	0	11272	6385	2346	2073	468	6424	7	0.0660377	3.6661e+06	3.8501e+06	2.7003e+06	2.8523e+06
9	52	0	11383	6424	2372	2125	462	6462	6	0.0566038	3.6661e+06	3.8501e+06	2.7003e+06	2.8363e+06
9	53	0	11451	6462	2368	2129	492	6568	6	0.0566038	3.6661e+06	3.8501e+06	2.7003e+06	2.8363e+06
9	54	0	11514	6568	2329	2149	468	6696	8	0.0754717	3.6661e+06	3.8501e+06	2.7003e+06	2.8523e+06
9	55	0	11652	6696	2354	2110	492	6551	7	0.0660377	3.6661e+06	3.8501e+06	2.7003e+06	2.8523e+06
9	56	0	11533	6551	2377	2127	478	6494	7	0.0660377	3.6661e+06	3.8501e+06	2.7003e+06	2.8363e+06
9	57	0	11491	6494	2360	2159	478	6770	7	0.0660377	3.6661e+06	3.8501e+06	2.7003e+06	2.8523e+06
9	58	0	11798	6770	2342	2222	464	6886	7	0.0660377	3.6661e+06	3.8501e+06	2.7003e+06	2.8523e+06
9	59	0	11878	6886	2400	2088	504	6668	7	0.0660377	3.6661e+06	3.8501e+06	2.7003e+06	2.8523e+06
9	60	0	11673	6668	2427	2150	428	6490	7	0.0660377	3.6661e+06	3.8501e+06	2.7003e+06	2.8523e+06
9	61	0	11607	6490	2452	2201	464	6990	7	0.0660377	3.6661e+06	3.8501e+06	2.7003e+06	2.8523e+06
9	62	0	12005	6990	2297	2233	485	6799	7	0.0660377	3.6661e+06	3.8501e+06	2.7003e+06	2.8523e+06
9	63	0	11919	6799	2500	2125	495	6747	7	0.0660377	3.6661e+06	3.8501e+06	2.7003e+06	2.8523e+06
9	64	0	12014	6747	2515	2260	492	6874	7	0.0660377	3.6661e+06	3.8501e+06	2.7003e+06	2.8523e+06
9	65	0	12172	6874	2504	2301	493	7168	7	0.0660377	3.6661e+06	3.8501e+06	2.7003e+06	2.8523e+06
9	66	0	12408	7168	2438	2309	493	6974	7	0.0660377	3.6661e+06	3.8501e+06	2.7003e+06	2.8523e+06
9	67	0	12173	6974	2475	2233	491	7053	8	0.0754717	3.6661e+06	3.8501e+06	2.7003e+06	2.8523e+06
9	68	0	12314	7053	2479	2303	479	7177	7	0.0660377	3.6661e+06	3.8501e+06	2.7003e+06	2.8523e+06
9	69	0	12481	7177	2575	2251	478	6851	7	0.0660377	3.6661e+06	3.8501e+06	2.7003e+06	2.8523e+06
9	70	0	12298	6851	2721	2250	476	6889	8	0.0754717	3.6661e+06	3.8501e+06	2.7003e+06	2.8523e+06
9	71	0	12308	6889	2504	2423	492	7526	7	0.0660377	3.6661e+06	3.8501e+06	2.7003e+06	2.8523e+06
9	72	0	12958	7526	2524	2387	521	7244	8	0.0754717	3.6661e+06	3.8501e+06	2.7003e+06	2.8523e+06
9	73	0	12726	7244	2639	2299	544	7379	8	0.0754717	3.6661e+06	3.8501e+06	2.7003e+06	2.8523e+06
9	74	0	12873	7379	2558	2398	538	7327	10	0.0943396	3.6661e+06	3.8941e+06	2.7003e+06	2.8723e+06
9	75	0	12799	7327	2653	2287	532	7301	9	0.0849057	3.6661e+06	3.8941e+06	2.7003e+06	2.8523e+06
9	76	0	12871	7301	2647	2400	523	7518	10	0.0943396	3.6661e+06	3.8941e+06	2.7003e+06	2.8723e+06
9	77	0	13096	7518	2645	2405	528	7476	10	0.0943396	3.6661e+06	3.8941e+06	2.7003e+06	2.8723e+06
9	78	0	13108	7476	2686	2446	500	7707	10	0.0943396	3.6661e+06	3.8941e+06	2.7003e+06	2.8723e+06
9	79	0	13379	7707	2755	2436	481	7390	10	0.0943396	3.6661e+06	3.8941e+06	2.7003e+06	2.8723e+06
9	80	0	13141	7390	2795	2478	478	7733	11	0.103774	3.6661e+06	3.8941e+06	2.7003e+06	2.8843e+06
9	81	0	13395	7733	2613	2547	502	7945	11	0.103774	3.6661e+06	3.8941e+06	2.7003e+06	2.8843e+06
9	82	0	13734	7945	2814	2425	550	7681	11	0.103774	3.6661e+06	3.8941e+06	2.7003e+06	2.8843e+06
9	83	0	13623	7681	2860	2530	552	8008	11	0.103774	3.6661e+06	3.8941e+06	2.7003e+06	2.8843e+06
9	84	0	13835	8008	2743	2553	531	7924	11	0.103774	3.6661e+06	3.8941e+06	2.7003e+06	2.8843e+06
9	85	0	13762	7924	2852	2457	529	7675	11	0.103774	3.6661e+06	3.8941e+06	2.7003e+06	2.8843e+06
9	86	0	13627	7675	2840	2581	531	7934	11	0.103774	3.6661e+06	3.8941e+06	2.7003e+06	2.8843e+06
9	87	0	13890	7934	2852	2581	523	7934	11	0.103774	3.6661e+06	3.8941e+06	2.7003e+06	2.8843e+06
9	88	0	13980	7934	2879	2622	545	8242	11	0.103774	3.6661e+06	3.8941e+06	2.7003e+06	2.8843e+06
9	89	0	14328	8242	2963	2588	535	8077	11	0.103774	3.6661e+06	3.8941e+06	2.7003e+06	2.8843e+06
9	90	0	14376	8077	3060	2651	588	8518	11	0.103774	3.6661e+06	3.8941e+06	2.7003e+06	2.8843e+06
9	91	0	14765	8518	2915	2762	570	8442	11	0.103774	3.6661e+06	3.8941e+06	2.7003e+06	2.8843e+06
9	92	0	14731	8442	3074	2653	562	8223	11	0.103774	3.6661e+06	3.8941e+06	2.7003e+06	2.8843e+06
9	93	0	14780	8223	3256	2754	547	8747	11	0.103774	3.6661e+06	3.8941e+06	2.7003e+06	2.8843e+06
9	94	0	15275	8747	3030	2897	601	9021	12	0.113208	3.6661e+06	3.8941e+06	2.6683e+06	2.8843e+06
9	95	0	15654	9021	3191	2799	643	8709	13	0.122642	3.6661e+06	3.8941e+06	2.6683e+06	2.8923e+06
9	96	0	15549	8709	3270	2920	650	9311	14	0.132075	3.6661e+06	3.9981e+06	2.6683e+06	2.8923e+06
9	97	0	15982	9311	3116	2910	645	8988	15	0.141509	3.6661e+06	3.9981e+06	2.6683e+06	2.8923e+06
9	98	0	15759	8988	3306	2833	632	8891	14	0.132075	3.6661e+06	3.9981e+06	2.6683e+06	2.8923e+06
9	99	0	15844	8891	3396	2948	609	9082	17	0.160377	3.6661e+06	3.9981e+06	2.6683e+06	2.9283e+06
9	100	0	15977	9082	3217	3034	644	0	15	0.141509	3.6661e+06	3.9981e+06	2.6683e+06	2.8923e+06
