Rep	Year	RepSeason	NInds	NInd_stage1	NInd_stage2	NInd_stage3	NInd_stage4	NJuvs	NOccupPatches	Occup/Suit	min_X	max_X	min_Y	max_Y
0	0	0	40	0	0	20	20	217	1	0.00943396	3.6661e+06	3.7541e+06	2.7443e+06	2.7843e+06
0	1	0	234	217	0	5	12	89	1	0.00943396	3.6661e+06	3.7541e+06	2.7443e+06	2.7843e+06
0	2	0	196	89	101	2	4	35	1	0.00943396	3.6661e+06	3.7541e+06	2.7443e+06	2.7843e+06
0	3	0	154	35	45	73	1	306	1	0.00943396	3.6661e+06	3.7541e+06	2.7443e+06	2.7843e+06
0	4	0	376	306	15	43	12	217	1	0.00943396	3.6661e+06	3.7541e+06	2.7443e+06	2.7843e+06
0	5	0	368	217	122	18	11	139	1	0.00943396	3.6661e+06	3.7541e+06	2.7443e+06	2.7843e+06
0	6	0	334	139	93	92	10	407	1	0.00943396	3.6661e+06	3.7541e+06	2.7443e+06	2.7843e+06
0	7	0	559	407	56	80	16	415	1	0.00943396	3.6661e+06	3.7541e+06	2.7443e+06	2.7843e+06
0	8	0	651	415	167	51	18	326	1	0.00943396	3.6661e+06	3.7541e+06	2.7443e+06	2.7843e+06
0	9	0	645	326	189	119	11	525	1	0.00943396	3.6661e+06	3.7541e+06	2.7443e+06	2.7843e+06
0	10	0	826	525	140	141	20	689	1	0.00943396	3.6661e+06	3.7541e+06	2.7443e+06	2.7843e+06
0	11	0	1083	689	230	131	33	651	1	0.00943396	3.6661e+06	3.7541e+06	2.7443e+06	2.7843e+06
0	12	0	1156	651	302	179	24	744	1	0.00943396	3.6661e+06	3.7541e+06	2.7443e+06	2.7843e+06
0	13	0	1293	744	271	234	44	1042	1	0.00943396	3.6661e+06	3.7541e+06	2.7443e+06	2.7843e+06
0	14	0	1606	1042	284	230	50	1010	1	0.00943396	3.6661e+06	3.7541e+06	2.7443e+06	2.7843e+06
0	15	0	1724	1010	422	246	46	1062	1	0.00943396	3.6661e+06	3.7541e+06	2.7443e+06	2.7843e+06
0	16	0	1906	1062	447	342	55	1422	2	0.0188679	3.6661e+06	3.7861e+06	2.7443e+06	2.7843e+06
0	17	0	2345	1422	461	388	74	1607	2	0.0188679	3.6661e+06	3.7861e+06	2.7443e+06	2.7843e+06
0	18	0	2700	1607	598	406	89	1626	2	0.0188679	3.6661e+06	3.7861e+06	2.7443e+06	2.7843e+06
0	19	0	2885	1626	693	484	82	1764	2	0.0188679	3.6661e+06	3.7541e+06	2.7003e+06	2.7843e+06
0	20	0	3137	1764	700	587	86	2164	3	0.0283019	3.6661e+06	3.7861e+06	2.7003e+06	2.7843e+06
0	21	0	3567	2164	700	588	115	2076	3	0.0283019	3.6661e+06	3.7861e+06	2.7003e+06	2.7843e+06
0	22	0	3693	2076	872	622	123	2163	3	0.0283019	3.6661e+06	3.7861e+06	2.7003e+06	2.7843e+06
0	23	0	3933	2163	875	743	152	2537	4	0.0377358	3.6661e+06	3.7861e+06	2.7003e+06	2.8043e+06
0	24	0	4315	2537	868	756	154	2537	4	0.0377358	3.6661e+06	3.7861e+06	2.7003e+06	2.8043e+06
0	25	0	4454	2537	1009	749	159	2641	4	0.0377358	3.6661e+06	3.7861e+06	2.7003e+06	2.8043e+06
0	26	0	4731	2641	1035	870	185	3092	4	0.0377358	3.6661e+06	3.7861e+06	2.7003e+06	2.8043e+06
0	27	0	5217	3092	1092	865	168	3058	4	0.0377358	3.6661e+06	3.7861e+06	2.7003e+06	2.8043e+06
0	28	0	5450	3058	1275	916	201	3254	4	0.0377358	3.6661e+06	3.7861e+06	2.7003e+06	2.8043e+06
0	29	0	5787	3254	1248	1078	207	3838	4	0.0377358	3.6661e+06	3.7861e+06	2.7003e+06	2.8043e+06
0	30	0	6490	3838	1312	1109	231	3873	4	0.0377358	3.6661e+06	3.7861e+06	2.7003e+06	2.8043e+06
0	31	0	6834	3873	1537	1179	245	4236	4	0.0377358	3.6661e+06	3.7861e+06	2.7003e+06	2.8043e+06
0	32	0	7372	4236	1586	1302	248	4713	4	0.0377358	3.6661e+06	3.7861e+06	2.7003e+06	2.8043e+06
0	33	0	8035	4713	1707	1372	243	4651	4	0.0377358	3.6661e+06	3.7861e+06	2.7003e+06	2.8043e+06
0	34	0	8329	4651	1928	1476	274	5014	4	0.0377358	3.6661e+06	3.7861e+06	2.7003e+06	2.8043e+06
0	35	0	8813	5014	1898	1577	324	5295	4	0.0377358	3.6661e+06	3.7861e+06	2.7003e+06	2.8043e+06
0	36	0	9314	5295	2046	1628	345	5467	4	0.0377358	3.6661e+06	3.7861e+06	2.7003e+06	2.8043e+06
0	37	0	9643	5467	2125	1713	338	5494	4	0.0377358	3.6661e+06	3.7861e+06	2.7003e+06	2.8043e+06
0	38	0	9802	5494	2184	1763	361	5787	4	0.0377358	3.6661e+06	3.7861e+06	2.7003e+06	2.8043e+06
0	39	0	10174	5787	2176	1876	335	5773	4	0.0377358	3.6661e+06	3.7861e+06	2.7003e+06	2.8043e+06
0	40	0	10277	5773	2222	1897	385	6125	4	0.0377358	3.6661e+06	3.7861e+06	2.7003e+06	2.8043e+06
0	41	0	10617	6125	2176	1901	415	6049	4	0.0377358	3.6661e+06	3.7861e+06	2.7003e+06	2.8043e+06
0	42	0	10740	6049	2351	1916	424	6015	5	0.0471698	3.6661e+06	3.7901e+06	2.7003e+06	2.8363e+06
0	43	0	10834	6015	2406	1997	416	6318	5	0.0471698	3.6661e+06	3.8221e+06	2.7003e+06	2.8043e+06
0	44	0	11007	6318	2241	2010	438	6355	4	0.0377358	3.6661e+06	3.7861e+06	2.7003e+06	2.8043e+06
0	45	0	11120	6355	2354	1968	443	6104	4	0.0377358	3.6661e+06	3.7861e+06	2.7003e+06	2.8043e+06
0	46	0	10955	6104	2393	2031	427	6273	6	0.0566038	3.6661e+06	3.8221e+06	2.7003e+06	2.8363e+06
0	47	0	11075	6273	2280	2092	430	6480	6	0.0566038	3.6661e+06	3.8221e+06	2.7003e+06	2.8363e+06
0	48	0	11259	6480	2340	2017	422	6220	6	0.0566038	3.6661e+06	3.8221e+06	2.7003e+06	2.8363e+06
0	49	0	11077	6220	2421	1993	443	6314	7	0.0660377	3.6661e+06	3.8221e+06	2.7003e+06	2.8523e+06
0	50	0	11055	6314	2267	2059	415	6461	7	0.0660377	3.6661e+06	3.8221e+06	2.7003e+06	2.8523e+06
0	51	0	11235	6461	2371	1957	446	6169	6	0.0566038	3.6661e+06	3.8221e+06	2.7003e+06	2.8363e+06
0	52	0	11030	6169	2443	1998	420	6227	7	0.0660377	3.6661e+06	3.8221e+06	2.7003e+06	2.8523e+06
0	53	0	11049	6227	2358	2029	435	6379	7	0.0660377	3.6661e+06	3.8221e+06	2.7003e+06	2.8523e+06
0	54	0	11186	6379	2355	2031	421	6346	6	0.0566038	3.6661e+06	3.8221e+06	2.7003e+06	2.8363e+06
0	55	0	11182	6346	2404	2015	417	6137	7	0.0660377	3.6661e+06	3.8221e+06	2.7003e+06	2.8523e+06
0	56	0	11038	6137	2391	2078	432	6578	7	0.0660377	3.6661e+06	3.8221e+06	2.7003e+06	2.8523e+06
0	57	0	11346	6578	2287	2036	445	6562	7	0.0660377	3.6661e+06	3.8221e+06	2.7003e+06	2.8523e+06
0	58	0	11465	6562	2443	1998	462	6327	7	0.0660377	3.6661e+06	3.8221e+06	2.7003e+06	2.8523e+06
0	59	0	11366	6327	2463	2113	463	6722	7	0.0660377	3.6661e+06	3.8221e+06	2.7003e+06	2.8523e+06
0	60	0	11594	6722	2309	2103	460	6536	7	0.0660377	3.6661e+06	3.8221e+06	2.7003e+06	2.8523e+06
0	61	0	11517	6536	2478	2032	471	6467	7	0.0660377	3.6661e+06	3.8221e+06	2.7003e+06	2.8523e+06
0	62	0	11415	6467	2404	2098	446	6696	7	0.0660377	3.6661e+06	3.8221e+06	2.7003e+06	2.8523e+06
0	63	0	11715	6696	2418	2132	469	6743	7	0.0660377	3.6661e+06	3.8221e+06	2.7003e+06	2.8523e+06
0	64	0	11734	6743	2500	2035	456	6452	7	0.0660377	3.6661e+06	3.8221e+06	2.7003e+06	2.8523e+06
0	65	0	11591	6452	2547	2147	445	6879	7	0.0660377	3.6661e+06	3.8221e+06	2.7003e+06	2.8523e+06
0	66	0	11901	6879	2435	2143	444	6865	7	0.0660377	3.6661e+06	3.8221e+06	2.7003e+06	2.8523e+06
0	67	0	12125	6865	2679	2127	454	6757	7	0.0660377	3.6661e+06	3.8221e+06	2.7003e+06	2.8523e+06
0	68	0	12123	6757	2623	2296	447	7122	7	0.0660377	3.6661e+06	3.8221e+06	2.7003e+06	2.8523e+06
0	69	0	12457	7122	2533	2317	485	7252	8	0.0754717	3.6661e+06	3.8221e+06	2.6683e+06	2.8523e+06
0	70	0	12618	7252	2642	2225	499	7175	8	0.0754717	3.6661e+06	3.8221e+06	2.6683e+06	2.8523e+06
0	71	0	12750	7175	2754	2349	472	7402	9	0.0849057	3.6661e+06	3.8501e+06	2.6683e+06	2.8523e+06
0	72	0	12904	7402	2652	2373	477	7281	9	0.0849057	3.6661e+06	3.8501e+06	2.6683e+06	2.8523e+06
0	73	0	12951	7281	2789	2365	516	7493	8	0.0754717	3.6661e+06	3.8221e+06	2.6683e+06	2.8523e+06
0	74	0	13211	7493	2709	2440	569	7928	11	0.103774	3.6661e+06	3.8741e+06	2.6683e+06	2.8523e+06
0	75	0	13542	7928	2721	2392	501	7416	12	0.113208	3.6661e+06	3.8901e+06	2.6683e+06	2.8523e+06
0	76	0	13267	7416	2931	2386	534	7676	9	0.0849057	3.6661e+06	3.8621e+06	2.6683e+06	2.8523e+06
0	77	0	13571	7676	2879	2474	542	7838	11	0.103774	3.6661e+06	3.8741e+06	2.6683e+06	2.8523e+06
0	78	0	13603	7838	2769	2473	523	7840	13	0.122642	3.6661e+06	3.8901e+06	2.6683e+06	2.8843e+06
0	79	0	13757	7840	2992	2405	520	7760	12	0.113208	3.6661e+06	3.8741e+06	2.6683e+06	2.8843e+06
0	80	0	13789	7760	2958	2587	484	7939	12	0.113208	3.6661e+06	3.8741e+06	2.6683e+06	2.8843e+06
0	81	0	14001	7939	2974	2513	575	7974	13	0.122642	3.6661e+06	3.8901e+06	2.6683e+06	2.8843e+06
0	82	0	14190	7974	3060	2574	582	8475	14	0.132075	3.6661e+06	3.8901e+06	2.6603e+06	2.8843e+06
0	83	0	14580	8475	2955	2574	576	8211	14	0.132075	3.6661e+06	3.8901e+06	2.6603e+06	2.8843e+06
0	84	0	14509	8211	3179	2519	600	8132	13	0.122642	3.6661e+06	3.8901e+06	2.6683e+06	2.8843e+06
0	85	0	14599	8132	3213	2675	579	8716	14	0.132075	3.6661e+06	3.8901e+06	2.6603e+06	2.8843e+06
0	86	0	15007	8716	2940	2743	608	8831	14	0.132075	3.6661e+06	3.8901e+06	2.6603e+06	2.8843e+06
0	87	0	15215	8831	3184	2602	598	8293	14	0.132075	3.6661e+06	3.8901e+06	2.6603e+06	2.8843e+06
0	88	0	14893	8293	3318	2718	564	8555	16	0.150943	3.6661e+06	3.8901e+06	2.6603e+06	2.8923e+06
0	89	0	14998	8555	3135	2780	528	8775	15	0.141509	3.6661e+06	3.8901e+06	2.6603e+06	2.8923e+06
0	90	0	15353	8775	3269	2700	609	8655	14	0.132075	3.6661e+06	3.8901e+06	2.6603e+06	2.8843e+06
0	91	0	15382	8655	3325	2809	593	8993	15	0.141509	3.6661e+06	3.8901e+06	2.6603e+06	2.8843e+06
0	92	0	15701	8993	3278	2852	578	9132	16	0.150943	3.6661e+06	3.8901e+06	2.6603e+06	2.8923e+06
0	93	0	15926	9132	3352	2829	613	8983	16	0.150943	3.6661e+06	3.8901e+06	2.6603e+06	2.8923e+06
0	94	0	15961	8983	3495	2875	608	9274	15	0.141509	3.6661e+06	3.8901e+06	2.6603e+06	2.8843e+06
0	95	0	16179	9274	3351	2944	610	9371	15	0.141509	3.6661e+06	3.8901e+06	2.6603e+06	2.8843e+06
0	96	0	16347	9371	3373	2964	639	9452	16	0.150943	3.6661e+06	3.8901e+06	2.6603e+06	2.8923e+06
0	97	0	16561	9452	3544	2931	634	9348	17	0.160377	3.6661e+06	3.9021e+06	2.6603e+06	2.8923e+06
0	98	0	16560	9348	3575	3023	614	9619	15	0.141509	3.6661e+06	3.8901e+06	2.6603e+06	2.8843e+06
0	99	0	16907	9619	3592	3063	633	9674	17	0.160377	3.6661e+06	3.9021e+06	2.6603e+06	2.8923e+06
0	100	0	17114	9674	3626	3141	673	0	17	0.160377	3.6661e+06	3.9021e+06	2.6603e+06	2.8923e+06
1	0	0	40	0	0	20	20	213	1	0.00943396	3.6661e+06	3.7541e+06	2.7443e+06	2.7843e+06
1	1	0	233	213	0	2	18	109	1	0.00943396	3.6661e+06	3.7541e+06	2.7443e+06	2.7843e+06
1	2	0	202	109	87	1	5	27	1	0.00943396	3.6661e+06	3.7541e+06	2.7443e+06	2.7843e+06
1	3	0	144	27	60	57	0	257	1	0.00943396	3.6661e+06	3.7541e+06	2.7443e+06	2.7843e+06
1	4	0	331	257	17	48	9	227	1	0.00943396	3.6661e+06	3.7541e+06	2.7443e+06	2.7843e+06
1	5	0	366	227	110	25	4	118	1	0.00943396	3.6661e+06	3.7541e+06	2.7443e+06	2.7843e+06
1	6	0	291	118	94	74	5	318	1	0.00943396	3.6661e+06	3.7541e+06	2.7443e+06	2.7843e+06
1	7	0	465	318	56	80	11	402	1	0.00943396	3.6661e+06	3.7541e+06	2.7443e+06	2.7843e+06
1	8	0	631	402	147	62	20	381	1	0.00943396	3.6661e+06	3.7541e+06	2.7443e+06	2.7843e+06
1	9	0	668	381	162	109	16	543	1	0.00943396	3.6661e+06	3.7541e+06	2.7443e+06	2.7843e+06
1	10	0	868	543	154	142	29	715	1	0.00943396	3.6661e+06	3.7541e+06	2.7443e+06	2.7843e+06
1	11	0	1123	715	235	143	30	646	1	0.00943396	3.6661e+06	3.7541e+06	2.7443e+06	2.7843e+06
1	12	0	1180	646	302	198	34	936	1	0.00943396	3.6661e+06	3.7541e+06	2.7443e+06	2.7843e+06
1	13	0	1500	936	274	248	42	1099	1	0.00943396	3.6661e+06	3.7541e+06	2.7443e+06	2.7843e+06
1	14	0	1778	1099	391	236	52	1095	1	0.00943396	3.6661e+06	3.7541e+06	2.7443e+06	2.7843e+06
1	15	0	1941	1095	460	320	66	1393	1	0.00943396	3.6661e+06	3.7541e+06	2.7443e+06	2.7843e+06
1	16	0	2298	1393	459	382	64	1538	1	0.00943396	3.6661e+06	3.7541e+06	2.7443e+06	2.7843e+06
1	17	0	2606	1538	593	390	85	1551	2	0.0188679	3.6661e+06	3.7541e+06	2.7003e+06	2.7843e+06
1	18	0	2736	1551	628	468	89	1735	1	0.00943396	3.6661e+06	3.7541e+06	2.7443e+06	2.7843e+06
1	19	0	3016	1735	668	515	98	1899	2	0.0188679	3.6661e+06	3.7541e+06	2.7003e+06	2.7843e+06
1	20	0	3292	1899	730	558	105	2041	3	0.0283019	3.6661e+06	3.7861e+06	2.7003e+06	2.7843e+06
1	21	0	3576	2041	774	635	126	2247	3	0.0283019	3.6661e+06	3.7861e+06	2.7003e+06	2.7843e+06
1	22	0	3814	2247	793	636	138	2225	2	0.0188679	3.6661e+06	3.7541e+06	2.7003e+06	2.7843e+06
1	23	0	3953	2225	915	687	126	2368	3	0.0283019	3.6661e+06	3.7861e+06	2.7003e+06	2.7843e+06
1	24	0	4181	2368	902	780	131	2595	3	0.0283019	3.6661e+06	3.7861e+06	2.7003e+06	2.7843e+06
1	25	0	4466	2595	929	809	133	2580	3	0.0283019	3.6661e+06	3.7861e+06	2.7003e+06	2.7843e+06
1	26	0	4575	2580	1044	789	162	2828	4	0.0377358	3.6661e+06	3.7861e+06	2.7003e+06	2.8043e+06
1	27	0	4961	2828	1085	855	193	2990	3	0.0283019	3.6661e+06	3.7861e+06	2.7003e+06	2.7843e+06
1	28	0	5158	2990	1078	907	183	3192	4	0.0377358	3.6661e+06	3.7861e+06	2.7003e+06	2.8043e+06
1	29	0	5445	3192	1174	894	185	3253	4	0.0377358	3.6661e+06	3.7861e+06	2.7003e+06	2.8043e+06
1	30	0	5685	3253	1276	987	169	3510	4	0.0377358	3.6661e+06	3.7861e+06	2.7003e+06	2.8043e+06
1	31	0	6116	3510	1336	1094	176	3813	4	0.0377358	3.6661e+06	3.7861e+06	2.7003e+06	2.8043e+06
1	32	0	6577	3813	1405	1162	197	4112	4	0.0377358	3.6661e+06	3.7861e+06	2.7003e+06	2.8043e+06
1	33	0	7099	4112	1490	1246	251	4491	4	0.0377358	3.6661e+06	3.7861e+06	2.7003e+06	2.8043e+06
1	34	0	7633	4491	1624	1247	271	4386	4	0.0377358	3.6661e+06	3.7861e+06	2.7003e+06	2.8043e+06
1	35	0	7907	4386	1892	1369	260	4860	4	0.0377358	3.6661e+06	3.7861e+06	2.7003e+06	2.8043e+06
1	36	0	8509	4860	1786	1559	304	5319	4	0.0377358	3.6661e+06	3.7861e+06	2.7003e+06	2.8043e+06
1	37	0	9143	5319	1991	1527	306	5119	4	0.0377358	3.6661e+06	3.7861e+06	2.7003e+06	2.8043e+06
1	38	0	9255	5119	2161	1650	325	5369	4	0.0377358	3.6661e+06	3.7861e+06	2.7003e+06	2.8043e+06
1	39	0	9656	5369	2112	1834	341	5867	4	0.0377358	3.6661e+06	3.7861e+06	2.7003e+06	2.8043e+06
1	40	0	10192	5867	2104	1840	381	5737	4	0.0377358	3.6661e+06	3.7861e+06	2.7003e+06	2.8043e+06
1	41	0	10296	5737	2262	1901	396	6055	5	0.0471698	3.6661e+06	3.8221e+06	2.7003e+06	2.8043e+06
1	42	0	10549	6055	2166	1932	396	5968	5	0.0471698	3.6661e+06	3.8221e+06	2.7003e+06	2.8043e+06
1	43	0	10530	5968	2271	1860	431	5980	5	0.0471698	3.6661e+06	3.8221e+06	2.7003e+06	2.8043e+06
1	44	0	10635	5980	2276	1958	421	6226	5	0.0471698	3.6661e+06	3.8221e+06	2.7003e+06	2.8043e+06
1	45	0	10792	6226	2187	1976	403	6187	7	0.0660377	3.6661e+06	3.8501e+06	2.7003e+06	2.8363e+06
1	46	0	10836	6187	2324	1909	416	5977	6	0.0566038	3.6661e+06	3.8221e+06	2.7003e+06	2.8363e+06
1	47	0	10758	5977	2390	1977	414	6245	6	0.0566038	3.6661e+06	3.8221e+06	2.7003e+06	2.8363e+06
1	48	0	11034	6245	2290	2070	429	6407	6	0.0566038	3.6661e+06	3.8221e+06	2.7003e+06	2.8363e+06
1	49	0	11123	6407	2310	1981	425	6166	6	0.0566038	3.6661e+06	3.8221e+06	2.7003e+06	2.8363e+06
1	50	0	10993	6166	2386	2013	428	6427	6	0.0566038	3.6661e+06	3.8221e+06	2.7003e+06	2.8363e+06
1	51	0	11216	6427	2299	2068	422	6458	6	0.0566038	3.6661e+06	3.8221e+06	2.7003e+06	2.8363e+06
1	52	0	11274	6458	2314	2045	457	6496	7	0.0660377	3.6661e+06	3.8501e+06	2.7003e+06	2.8363e+06
1	53	0	11336	6496	2335	2039	466	6407	6	0.0566038	3.6661e+06	3.8221e+06	2.7003e+06	2.8363e+06
1	54	0	11314	6407	2425	2048	434	6323	6	0.0566038	3.6661e+06	3.8221e+06	2.7003e+06	2.8363e+06
1	55	0	11275	6323	2407	2081	464	6706	6	0.0566038	3.6661e+06	3.8221e+06	2.7003e+06	2.8363e+06
1	56	0	11566	6706	2328	2089	443	6444	7	0.0660377	3.6661e+06	3.8501e+06	2.7003e+06	2.8363e+06
1	57	0	11439	6444	2526	2030	439	6233	7	0.0660377	3.6661e+06	3.8501e+06	2.7003e+06	2.8363e+06
1	58	0	11194	6233	2390	2134	437	6745	6	0.0566038	3.6661e+06	3.8221e+06	2.7003e+06	2.8363e+06
1	59	0	11617	6745	2352	2064	456	6361	7	0.0660377	3.6661e+06	3.8501e+06	2.7003e+06	2.8363e+06
1	60	0	11347	6361	2514	2032	440	6499	7	0.0660377	3.6661e+06	3.8501e+06	2.7003e+06	2.8363e+06
1	61	0	11414	6499	2397	2059	459	6678	7	0.0660377	3.6661e+06	3.8501e+06	2.7003e+06	2.8363e+06
1	62	0	11620	6678	2452	2031	459	6515	7	0.0660377	3.6661e+06	3.8501e+06	2.7003e+06	2.8363e+06
1	63	0	11600	6515	2561	2107	417	6715	7	0.0660377	3.6661e+06	3.8501e+06	2.7003e+06	2.8363e+06
1	64	0	11793	6715	2422	2219	437	6782	8	0.0754717	3.6661e+06	3.8501e+06	2.7003e+06	2.8523e+06
1	65	0	11917	6782	2496	2147	492	6960	8	0.0754717	3.6661e+06	3.8501e+06	2.7003e+06	2.8523e+06
1	66	0	12148	6960	2535	2161	492	6861	7	0.0660377	3.6661e+06	3.8501e+06	2.7003e+06	2.8363e+06
1	67	0	12130	6861	2616	2196	457	6809	8	0.0754717	3.6661e+06	3.8501e+06	2.7003e+06	2.8523e+06
1	68	0	12114	6809	2589	2266	450	7038	8	0.0754717	3.6661e+06	3.8501e+06	2.7003e+06	2.8523e+06
1	69	0	12299	7038	2558	2250	453	7037	10	0.0943396	3.6661e+06	3.8621e+06	2.6683e+06	2.8523e+06
1	70	0	12402	7037	2659	2231	475	7016	10	0.0943396	3.6661e+06	3.8621e+06	2.6683e+06	2.8523e+06
1	71	0	12436	7016	2608	2310	502	7434	9	0.0849057	3.6661e+06	3.8501e+06	2.6683e+06	2.8523e+06
1	72	0	12801	7434	2602	2251	514	7058	9	0.0849057	3.6661e+06	3.8501e+06	2.6683e+06	2.8523e+06
1	73	0	12490	7058	2779	2162	491	7057	11	0.103774	3.6661e+06	3.8621e+06	2.6683e+06	2.8723e+06
1	74	0	12409	7057	2548	2331	473	7407	10	0.0943396	3.6661e+06	3.8621e+06	2.6683e+06	2.8523e+06
1	75	0	12825	7407	2668	2231	519	7035	10	0.0943396	3.6661e+06	3.8621e+06	2.6683e+06	2.8523e+06
1	76	0	12712	7035	2853	2306	518	7541	10	0.0943396	3.6661e+06	3.8621e+06	2.6683e+06	2.8523e+06
1	77	0	13172	7541	2704	2449	478	7596	10	0.0943396	3.6661e+06	3.8621e+06	2.6683e+06	2.8523e+06
1	78	0	13359	7596	2867	2383	513	7658	10	0.0943396	3.6661e+06	3.8621e+06	2.6683e+06	2.8523e+06
1	79	0	13502	7658	2829	2507	508	8022	11	0.103774	3.6661e+06	3.8901e+06	2.6683e+06	2.8523e+06
1	80	0	13898	8022	2902	2471	503	7854	10	0.0943396	3.6661e+06	3.8621e+06	2.6683e+06	2.8523e+06
1	81	0	13911	7854	3015	2509	533	7998	11	0.103774	3.6661e+06	3.8901e+06	2.6683e+06	2.8523e+06
1	82	0	14213	7998	2965	2705	545	8463	11	0.103774	3.6661e+06	3.8901e+06	2.6683e+06	2.8523e+06
1	83	0	14590	8463	2983	2570	574	8241	11	0.103774	3.6661e+06	3.8901e+06	2.6683e+06	2.8523e+06
1	84	0	14537	8241	3212	2555	529	8252	11	0.103774	3.6661e+06	3.8901e+06	2.6683e+06	2.8523e+06
1	85	0	14670	8252	3207	2690	521	8502	11	0.103774	3.6661e+06	3.8901e+06	2.6683e+06	2.8523e+06
1	86	0	15014	8502	3138	2812	562	8772	13	0.122642	3.6661e+06	3.8901e+06	2.6603e+06	2.8523e+06
1	87	0	15321	8772	3211	2723	615	8596	12	0.113208	3.6661e+06	3.8901e+06	2.6683e+06	2.8523e+06
1	88	0	15321	8596	3326	2797	602	8739	13	0.122642	3.6661e+06	3.8901e+06	2.6683e+06	2.8843e+06
1	89	0	15530	8739	3272	2939	580	9056	13	0.122642	3.6661e+06	3.8901e+06	2.6683e+06	2.8843e+06
1	90	0	15772	9056	3227	2866	623	8795	13	0.122642	3.6661e+06	3.8901e+06	2.6683e+06	2.8843e+06
1	91	0	15556	8795	3348	2780	633	8820	14	0.132075	3.6661e+06	3.9021e+06	2.6683e+06	2.8843e+06
1	92	0	15601	8820	3301	2869	611	8911	14	0.132075	3.6661e+06	3.8941e+06	2.6683e+06	2.8843e+06
1	93	0	15859	8911	3436	2917	595	8947	14	0.132075	3.6661e+06	3.8901e+06	2.6603e+06	2.8843e+06
1	94	0	15796	8947	3242	2963	644	9403	16	0.150943	3.6661e+06	3.9021e+06	2.6603e+06	2.8923e+06
1	95	0	16175	9403	3271	2844	657	8930	17	0.160377	3.6661e+06	3.8941e+06	2.6603e+06	2.8923e+06
1	96	0	15809	8930	3407	2844	628	8892	16	0.150943	3.6661e+06	3.8941e+06	2.6603e+06	2.8923e+06
1	97	0	15939	8892	3490	2947	610	9198	16	0.150943	3.6661e+06	3.9021e+06	2.6603e+06	2.8923e+06
1	98	0	16186	9198	3392	2970	626	9405	18	0.169811	3.6661e+06	3.9021e+06	2.6603e+06	2.8923e+06
1	99	0	16462	9405	3477	2930	650	9463	18	0.169811	3.6661e+06	3.9021e+06	2.6603e+06	2.8923e+06
1	100	0	16693	9463	3607	2971	652	0	18	0.169811	3.6661e+06	3.9021e+06	2.6603e+06	2.8923e+06
2	0	0	40	0	0	20	20	201	1	0.00943396	3.6661e+06	3.7541e+06	2.7443e+06	2.7843e+06
2	1	0	221	201	0	6	14	104	1	0.00943396	3.6661e+06	3.7541e+06	2.7443e+06	2.7843e+06
2	2	0	193	104	84	0	5	29	1	0.00943396	3.6661e+06	3.7541e+06	2.7443e+06	2.7843e+06
2	3	0	131	29	47	55	0	227	1	0.00943396	3.6661e+06	3.7541e+06	2.7443e+06	2.7843e+06
2	4	0	288	227	12	43	6	212	1	0.00943396	3.6661e+06	3.7541e+06	2.7443e+06	2.7843e+06
2	5	0	328	212	88	19	9	128	1	0.00943396	3.6661e+06	3.7541e+06	2.7443e+06	2.7843e+06
2	6	0	296	128	100	66	2	296	1	0.00943396	3.6661e+06	3.7541e+06	2.7443e+06	2.7843e+06
2	7	0	450	296	62	78	14	395	1	0.00943396	3.6661e+06	3.7541e+06	2.7443e+06	2.7843e+06
2	8	0	599	395	129	62	13	326	1	0.00943396	3.6661e+06	3.7541e+06	2.7443e+06	2.7843e+06
2	9	0	590	326	159	95	10	423	1	0.00943396	3.6661e+06	3.7541e+06	2.7443e+06	2.7843e+06
2	10	0	711	423	143	128	17	549	1	0.00943396	3.6661e+06	3.7541e+06	2.7443e+06	2.7843e+06
2	11	0	878	549	180	129	20	615	1	0.00943396	3.6661e+06	3.7541e+06	2.7443e+06	2.7843e+06
2	12	0	1014	615	232	146	21	687	1	0.00943396	3.6661e+06	3.7541e+06	2.7443e+06	2.7843e+06
2	13	0	1184	687	281	182	34	816	1	0.00943396	3.6661e+06	3.7541e+06	2.7443e+06	2.7843e+06
2	14	0	1363	816	291	227	29	949	1	0.00943396	3.6661e+06	3.7541e+06	2.7443e+06	2.7843e+06
2	15	0	1609	949	366	245	49	1167	1	0.00943396	3.6661e+06	3.7541e+06	2.7443e+06	2.7843e+06
2	16	0	1921	1167	393	312	49	1251	1	0.00943396	3.6661e+06	3.7541e+06	2.7443e+06	2.7843e+06
2	17	0	2147	1251	485	339	72	1459	2	0.0188679	3.6661e+06	3.7541e+06	2.7003e+06	2.7843e+06
2	18	0	2430	1459	513	389	69	1492	1	0.00943396	3.6661e+06	3.7541e+06	2.7443e+06	2.7843e+06
2	19	0	2653	1492	653	435	73	1648	1	0.00943396	3.6661e+06	3.7541e+06	2.7443e+06	2.7843e+06
2	20	0	2878	1648	627	534	69	1912	2	0.0188679	3.6661e+06	3.7541e+06	2.7003e+06	2.7843e+06
2	21	0	3208	1912	675	520	101	1906	2	0.0188679	3.6661e+06	3.7541e+06	2.7003e+06	2.7843e+06
2	22	0	3372	1906	785	562	119	2107	3	0.0283019	3.6661e+06	3.7861e+06	2.7003e+06	2.7843e+06
2	23	0	3706	2107	820	664	115	2312	3	0.0283019	3.6661e+06	3.7861e+06	2.7003e+06	2.7843e+06
2	24	0	4031	2312	844	715	160	2463	3	0.0283019	3.6661e+06	3.7861e+06	2.7003e+06	2.7843e+06
2	25	0	4286	2463	987	695	141	2316	4	0.0377358	3.6661e+06	3.7861e+06	2.7003e+06	2.8043e+06
2	26	0	4264	2316	997	799	152	2706	4	0.0377358	3.6661e+06	3.7861e+06	2.7003e+06	2.8043e+06
2	27	0	4628	2706	909	848	165	2942	4	0.0377358	3.6661e+06	3.7861e+06	2.7003e+06	2.8043e+06
2	28	0	5044	2942	1092	815	195	2974	4	0.0377358	3.6661e+06	3.7861e+06	2.7003e+06	2.8043e+06
2	29	0	5238	2974	1213	884	167	2946	4	0.0377358	3.6661e+06	3.7861e+06	2.7003e+06	2.8043e+06
2	30	0	5335	2946	1201	993	195	3508	4	0.0377358	3.6661e+06	3.7861e+06	2.7003e+06	2.8043e+06
2	31	0	5925	3508	1197	1020	200	3538	4	0.0377358	3.6661e+06	3.7861e+06	2.7003e+06	2.8043e+06
2	32	0	6177	3538	1435	994	210	3631	4	0.0377358	3.6661e+06	3.7861e+06	2.7003e+06	2.8043e+06
2	33	0	6547	3631	1493	1198	225	4282	4	0.0377358	3.6661e+06	3.7861e+06	2.7003e+06	2.8043e+06
2	34	0	7255	4282	1436	1300	237	4602	4	0.0377358	3.6661e+06	3.7861e+06	2.7003e+06	2.8043e+06
2	35	0	7799	4602	1675	1247	275	4431	4	0.0377358	3.6661e+06	3.7861e+06	2.7003e+06	2.8043e+06
2	36	0	7979	4431	1869	1390	289	5089	4	0.0377358	3.6661e+06	3.7861e+06	2.7003e+06	2.8043e+06
2	37	0	8734	5089	1776	1565	304	5338	4	0.0377358	3.6661e+06	3.7861e+06	2.7003e+06	2.8043e+06
2	38	0	9227	5338	2010	1535	344	5336	4	0.0377358	3.6661e+06	3.7861e+06	2.7003e+06	2.8043e+06
2	39	0	9567	5336	2149	1735	347	5493	4	0.0377358	3.6661e+06	3.7861e+06	2.7003e+06	2.8043e+06
2	40	0	9731	5493	2030	1832	376	6055	4	0.0377358	3.6661e+06	3.7861e+06	2.7003e+06	2.8043e+06
2	41	0	10300	6055	2079	1778	388	5796	4	0.0377358	3.6661e+06	3.7861e+06	2.7003e+06	2.8043e+06
2	42	0	10408	5796	2418	1818	376	5805	4	0.0377358	3.6661e+06	3.7861e+06	2.7003e+06	2.8043e+06
2	43	0	10489	5805	2263	2035	386	6345	4	0.0377358	3.6661e+06	3.7861e+06	2.7003e+06	2.8043e+06
2	44	0	10963	6345	2185	1989	444	6225	4	0.0377358	3.6661e+06	3.7861e+06	2.7003e+06	2.8043e+06
2	45	0	10878	6225	2332	1860	461	6012	5	0.0471698	3.6661e+06	3.8501e+06	2.7003e+06	2.8043e+06
2	46	0	10711	6012	2322	1944	433	6224	5	0.0471698	3.6661e+06	3.7901e+06	2.7003e+06	2.8363e+06
2	47	0	10985	6224	2316	2019	426	6343	5	0.0471698	3.6661e+06	3.7901e+06	2.7003e+06	2.8363e+06
2	48	0	11075	6343	2307	2001	424	6279	5	0.0471698	3.6661e+06	3.7901e+06	2.7003e+06	2.8363e+06
2	49	0	11053	6279	2337	1987	450	6186	5	0.0471698	3.6661e+06	3.7901e+06	2.7003e+06	2.8363e+06
2	50	0	11020	6186	2379	2011	444	6244	6	0.0566038	3.6661e+06	3.8501e+06	2.7003e+06	2.8363e+06
2	51	0	11003	6244	2294	2036	429	6342	6	0.0566038	3.6661e+06	3.8101e+06	2.7003e+06	2.8523e+06
2	52	0	11013	6342	2270	1942	459	6228	6	0.0566038	3.6661e+06	3.8101e+06	2.7003e+06	2.8523e+06
2	53	0	10977	6228	2369	1942	438	6213	6	0.0566038	3.6661e+06	3.8101e+06	2.7003e+06	2.8523e+06
2	54	0	10979	6213	2319	2024	423	6198	6	0.0566038	3.6661e+06	3.8101e+06	2.7003e+06	2.8523e+06
2	55	0	10978	6198	2347	1981	452	6381	6	0.0566038	3.6661e+06	3.8101e+06	2.7003e+06	2.8523e+06
2	56	0	11246	6381	2333	2094	438	6644	6	0.0566038	3.6661e+06	3.8101e+06	2.7003e+06	2.8523e+06
2	57	0	11402	6644	2296	2028	434	6068	7	0.0660377	3.6661e+06	3.8501e+06	2.7003e+06	2.8523e+06
2	58	0	10945	6068	2451	1976	450	6444	8	0.0754717	3.6661e+06	3.8501e+06	2.7003e+06	2.8523e+06
2	59	0	11174	6444	2250	2083	397	6247	8	0.0754717	3.6661e+06	3.8221e+06	2.7003e+06	2.8723e+06
2	60	0	11057	6247	2437	1973	400	6210	6	0.0566038	3.6661e+06	3.8101e+06	2.7003e+06	2.8523e+06
2	61	0	11154	6210	2379	2137	428	6611	7	0.0660377	3.6661e+06	3.8501e+06	2.7003e+06	2.8523e+06
2	62	0	11521	6611	2362	2087	461	6609	9	0.0849057	3.6661e+06	3.8501e+06	2.7003e+06	2.8723e+06
2	63	0	11520	6609	2417	2036	458	6417	9	0.0849057	3.6661e+06	3.8501e+06	2.7003e+06	2.8723e+06
2	64	0	11383	6417	2409	2096	461	6588	8	0.0754717	3.6661e+06	3.8501e+06	2.7003e+06	2.8523e+06
2	65	0	11535	6588	2418	2076	453	6454	9	0.0849057	3.6661e+06	3.8501e+06	2.7003e+06	2.8723e+06
2	66	0	11388	6454	2427	2059	448	6554	8	0.0754717	3.6661e+06	3.8501e+06	2.7003e+06	2.8523e+06
2	67	0	11512	6554	2445	2073	440	6468	8	0.0754717	3.6661e+06	3.8501e+06	2.7003e+06	2.8523e+06
2	68	0	11447	6468	2484	2072	423	6473	9	0.0849057	3.6661e+06	3.8501e+06	2.7003e+06	2.8723e+06
2	69	0	11504	6473	2424	2146	461	6882	9	0.0849057	3.6661e+06	3.8501e+06	2.7003e+06	2.8723e+06
2	70	0	11909	6882	2419	2146	462	6818	8	0.0754717	3.6661e+06	3.8501e+06	2.7003e+06	2.8523e+06
2	71	0	11914	6818	2549	2089	458	6679	9	0.0849057	3.6661e+06	3.8501e+06	2.7003e+06	2.8723e+06
2	72	0	11884	6679	2557	2179	469	6990	9	0.0849057	3.6661e+06	3.8501e+06	2.7003e+06	2.8723e+06
2	73	0	12177	6990	2497	2224	466	7008	9	0.0849057	3.6661e+06	3.8501e+06	2.7003e+06	2.8723e+06
2	74	0	12318	7008	2636	2213	461	6911	8	0.0754717	3.6661e+06	3.8501e+06	2.7003e+06	2.8523e+06
2	75	0	12249	6911	2608	2238	492	7173	8	0.0754717	3.6661e+06	3.8501e+06	2.7003e+06	2.8523e+06
2	76	0	12511	7173	2649	2233	456	7089	9	0.0849057	3.6661e+06	3.8501e+06	2.7003e+06	2.8723e+06
2	77	0	12507	7089	2674	2266	478	7276	9	0.0849057	3.6661e+06	3.8501e+06	2.7003e+06	2.8723e+06
2	78	0	12730	7276	2650	2261	543	7347	9	0.0849057	3.6661e+06	3.8501e+06	2.7003e+06	2.8723e+06
2	79	0	12829	7347	2683	2300	499	7325	9	0.0849057	3.6661e+06	3.8501e+06	2.7003e+06	2.8723e+06
2	80	0	12973	7325	2811	2340	497	7567	9	0.0849057	3.6661e+06	3.8501e+06	2.7003e+06	2.8723e+06
2	81	0	13194	7567	2741	2405	481	7428	9	0.0849057	3.6661e+06	3.8501e+06	2.7003e+06	2.8723e+06
2	82	0	13099	7428	2834	2342	495	7609	11	0.103774	3.6661e+06	3.8621e+06	2.7003e+06	2.8843e+06
2	83	0	13291	7609	2761	2418	503	7526	10	0.0943396	3.6661e+06	3.8501e+06	2.6683e+06	2.8723e+06
2	84	0	13316	7526	2877	2419	494	7553	10	0.0943396	3.6661e+06	3.8501e+06	2.6683e+06	2.8723e+06
2	85	0	13331	7553	2844	2447	487	7772	11	0.103774	3.6661e+06	3.8501e+06	2.6683e+06	2.8843e+06
2	86	0	13584	7772	2853	2480	479	7797	11	0.103774	3.6661e+06	3.8501e+06	2.6683e+06	2.8843e+06
2	87	0	13700	7797	2896	2475	532	7845	12	0.113208	3.6661e+06	3.8901e+06	2.6683e+06	2.8843e+06
2	88	0	13867	7845	2991	2502	529	7899	14	0.132075	3.6661e+06	3.8941e+06	2.6683e+06	2.8843e+06
2	89	0	13991	7899	2934	2603	555	8277	12	0.113208	3.6661e+06	3.8941e+06	2.6683e+06	2.8843e+06
2	90	0	14268	8277	2873	2561	557	8126	14	0.132075	3.6661e+06	3.8941e+06	2.6683e+06	2.8843e+06
2	91	0	14403	8126	3138	2518	621	8288	14	0.132075	3.6661e+06	3.8941e+06	2.6683e+06	2.8843e+06
2	92	0	14477	8288	2981	2636	572	8601	14	0.132075	3.6661e+06	3.8941e+06	2.6683e+06	2.8843e+06
2	93	0	14797	8601	3035	2582	579	8310	14	0.132075	3.6661e+06	3.8941e+06	2.6683e+06	2.8843e+06
2	94	0	14622	8310	3178	2559	575	8376	14	0.132075	3.6661e+06	3.8941e+06	2.6683e+06	2.8923e+06
2	95	0	14839	8376	3107	2761	595	8766	14	0.132075	3.6661e+06	3.8941e+06	2.6683e+06	2.8843e+06
2	96	0	15279	8766	3194	2739	580	8762	15	0.141509	3.6661e+06	3.8941e+06	2.6683e+06	2.8843e+06
2	97	0	15344	8762	3237	2761	584	8687	16	0.150943	3.6661e+06	3.8941e+06	2.6683e+06	2.8923e+06
2	98	0	15346	8687	3323	2770	566	8869	15	0.141509	3.6661e+06	3.8941e+06	2.6683e+06	2.8923e+06
2	99	0	15548	8869	3262	2842	575	9128	15	0.141509	3.6661e+06	3.8941e+06	2.6683e+06	2.8923e+06
2	100	0	15901	9128	3299	2865	609	0	16	0.150943	3.6661e+06	3.8941e+06	2.6683e+06	2.8923e+06
3	0	0	40	0	0	20	20	220	1	0.00943396	3.6661e+06	3.7541e+06	2.7443e+06	2.7843e+06
3	1	0	236	220	0	4	12	84	1	0.00943396	3.6661e+06	3.7541e+06	2.7443e+06	2.7843e+06
3	2	0	171	84	84	0	3	14	1	0.00943396	3.6661e+06	3.7541e+06	2.7443e+06	2.7843e+06
3	3	0	114	14	45	54	1	252	1	0.00943396	3.6661e+06	3.7541e+06	2.7443e+06	2.7843e+06
3	4	0	307	252	5	41	9	208	1	0.00943396	3.6661e+06	3.7541e+06	2.7443e+06	2.7843e+06
3	5	0	321	208	99	8	6	62	1	0.00943396	3.6661e+06	3.7541e+06	2.7443e+06	2.7843e+06
3	6	0	222	62	89	68	3	308	1	0.00943396	3.6661e+06	3.7541e+06	2.7443e+06	2.7843e+06
3	7	0	421	308	26	76	11	392	1	0.00943396	3.6661e+06	3.7541e+06	2.7443e+06	2.7843e+06
3	8	0	581	392	140	35	14	251	1	0.00943396	3.6661e+06	3.7541e+06	2.7443e+06	2.7843e+06
3	9	0	515	251	150	105	9	479	1	0.00943396	3.6661e+06	3.7541e+06	2.7443e+06	2.7843e+06
3	10	0	739	479	116	121	23	604	1	0.00943396	3.6661e+06	3.7541e+06	2.7443e+06	2.7843e+06
3	11	0	945	604	198	110	33	635	1	0.00943396	3.6661e+06	3.7541e+06	2.7443e+06	2.7843e+06
3	12	0	1043	635	229	153	26	695	1	0.00943396	3.6661e+06	3.7541e+06	2.7443e+06	2.7843e+06
3	13	0	1191	695	265	187	44	891	1	0.00943396	3.6661e+06	3.7541e+06	2.7443e+06	2.7843e+06
3	14	0	1450	891	301	211	47	976	1	0.00943396	3.6661e+06	3.7541e+06	2.7443e+06	2.7843e+06
3	15	0	1640	976	383	249	32	1074	1	0.00943396	3.6661e+06	3.7541e+06	2.7443e+06	2.7843e+06
3	16	0	1847	1074	419	306	48	1293	1	0.00943396	3.6661e+06	3.7541e+06	2.7443e+06	2.7843e+06
3	17	0	2151	1293	444	356	58	1515	1	0.00943396	3.6661e+06	3.7541e+06	2.7443e+06	2.7843e+06
3	18	0	2493	1515	531	377	70	1443	1	0.00943396	3.6661e+06	3.7541e+06	2.7443e+06	2.7843e+06
3	19	0	2598	1443	632	459	64	1720	2	0.0188679	3.6661e+06	3.7541e+06	2.7003e+06	2.7843e+06
3	20	0	2993	1720	628	549	96	2105	3	0.0283019	3.6661e+06	3.7861e+06	2.7003e+06	2.7843e+06
3	21	0	3514	2105	729	570	110	2040	3	0.0283019	3.6661e+06	3.7861e+06	2.7003e+06	2.7843e+06
3	22	0	3687	2040	857	663	127	2341	4	0.0377358	3.6661e+06	3.7861e+06	2.7003e+06	2.8043e+06
3	23	0	4082	2341	849	748	144	2460	4	0.0377358	3.6661e+06	3.7861e+06	2.7003e+06	2.8043e+06
3	24	0	4356	2460	999	716	181	2489	4	0.0377358	3.6661e+06	3.7861e+06	2.7003e+06	2.8043e+06
3	25	0	4482	2489	1006	820	167	2773	4	0.0377358	3.6661e+06	3.7861e+06	2.7003e+06	2.8043e+06
3	26	0	4836	2773	1019	881	163	2938	4	0.0377358	3.6661e+06	3.7861e+06	2.7003e+06	2.8043e+06
3	27	0	5124	2938	1119	877	190	3123	4	0.0377358	3.6661e+06	3.7861e+06	2.7003e+06	2.8043e+06
3	28	0	5478	3123	1179	994	182	3476	4	0.0377358	3.6661e+06	3.7861e+06	2.7003e+06	2.8043e+06
3	29	0	5971	3476	1267	1017	211	3700	4	0.0377358	3.6661e+06	3.7861e+06	2.7003e+06	2.8043e+06
3	30	0	6388	3700	1387	1083	218	3775	4	0.0377358	3.6661e+06	3.7861e+06	2.7003e+06	2.8043e+06
3	31	0	6633	3775	1466	1181	211	4153	4	0.0377358	3.6661e+06	3.7861e+06	2.7003e+06	2.8043e+06
3	32	0	7181	4153	1551	1247	230	4445	4	0.0377358	3.6661e+06	3.7861e+06	2.7003e+06	2.8043e+06
3	33	0	7752	4445	1723	1331	253	4589	4	0.0377358	3.6661e+06	3.7861e+06	2.7003e+06	2.8043e+06
3	34	0	8174	4589	1840	1458	287	5050	4	0.0377358	3.6661e+06	3.7861e+06	2.7003e+06	2.8043e+06
3	35	0	8738	5050	1868	1529	291	5200	4	0.0377358	3.6661e+06	3.7861e+06	2.7003e+06	2.8043e+06
3	36	0	9178	5200	2017	1612	349	5560	4	0.0377358	3.6661e+06	3.7861e+06	2.7003e+06	2.8043e+06
3	37	0	9769	5560	2134	1720	355	5540	4	0.0377358	3.6661e+06	3.7861e+06	2.7003e+06	2.8043e+06
3	38	0	9927	5540	2237	1781	369	5847	4	0.0377358	3.6661e+06	3.7861e+06	2.7003e+06	2.8043e+06
3	39	0	10265	5847	2150	1914	354	5949	4	0.0377358	3.6661e+06	3.7861e+06	2.7003e+06	2.8043e+06
3	40	0	10452	5949	2257	1849	397	5904	4	0.0377358	3.6661e+06	3.7861e+06	2.7003e+06	2.8043e+06
3	41	0	10538	5904	2334	1930	370	6039	4	0.0377358	3.6661e+06	3.7861e+06	2.7003e+06	2.8043e+06
3	42	0	10705	6039	2242	2010	414	6280	4	0.0377358	3.6661e+06	3.7861e+06	2.7003e+06	2.8043e+06
3	43	0	10868	6280	2282	1896	410	5984	4	0.0377358	3.6661e+06	3.7861e+06	2.7003e+06	2.8043e+06
3	44	0	10777	5984	2381	2007	405	6219	5	0.0471698	3.6661e+06	3.7901e+06	2.7003e+06	2.8363e+06
3	45	0	10949	6219	2321	1995	414	6290	4	0.0377358	3.6661e+06	3.7861e+06	2.7003e+06	2.8043e+06
3	46	0	11039	6290	2347	2017	385	6160	5	0.0471698	3.6661e+06	3.7901e+06	2.7003e+06	2.8363e+06
3	47	0	10977	6160	2367	2050	400	6349	7	0.0660377	3.6661e+06	3.8221e+06	2.7003e+06	2.8523e+06
3	48	0	11086	6349	2296	1993	448	6231	5	0.0471698	3.6661e+06	3.7901e+06	2.7003e+06	2.8363e+06
3	49	0	10968	6231	2348	1983	406	6088	6	0.0566038	3.6661e+06	3.8101e+06	2.7003e+06	2.8523e+06
3	50	0	10939	6088	2362	2020	469	6292	7	0.0660377	3.6661e+06	3.8221e+06	2.7003e+06	2.8523e+06
3	51	0	11087	6292	2299	2076	420	6280	6	0.0566038	3.6661e+06	3.8221e+06	2.7003e+06	2.8363e+06
3	52	0	11083	6280	2336	2035	432	6226	7	0.0660377	3.6661e+06	3.8221e+06	2.7003e+06	2.8523e+06
3	53	0	11048	6226	2347	2060	415	6323	7	0.0660377	3.6661e+06	3.8221e+06	2.7003e+06	2.8523e+06
3	54	0	11181	6323	2399	2010	449	6291	7	0.0660377	3.6661e+06	3.8221e+06	2.7003e+06	2.8523e+06
3	55	0	11203	6291	2319	2137	456	6650	7	0.0660377	3.6661e+06	3.8221e+06	2.7003e+06	2.8523e+06
3	56	0	11409	6650	2294	2019	446	6228	7	0.0660377	3.6661e+06	3.8221e+06	2.7003e+06	2.8523e+06
3	57	0	10994	6228	2435	1926	405	6008	7	0.0660377	3.6661e+06	3.8221e+06	2.7003e+06	2.8523e+06
3	58	0	10865	6008	2405	2063	389	6349	7	0.0660377	3.6661e+06	3.8221e+06	2.7003e+06	2.8523e+06
3	59	0	11152	6349	2283	2055	465	6534	7	0.0660377	3.6661e+06	3.8221e+06	2.7003e+06	2.8523e+06
3	60	0	11267	6534	2333	1950	450	6242	7	0.0660377	3.6661e+06	3.8221e+06	2.7003e+06	2.8523e+06
3	61	0	11149	6242	2429	2070	408	6418	7	0.0660377	3.6661e+06	3.8221e+06	2.7003e+06	2.8523e+06
3	62	0	11239	6418	2289	2049	483	6722	7	0.0660377	3.6661e+06	3.8221e+06	2.7003e+06	2.8523e+06
3	63	0	11539	6722	2359	2006	452	6351	7	0.0660377	3.6661e+06	3.8221e+06	2.7003e+06	2.8523e+06
3	64	0	11413	6351	2553	2047	462	6496	7	0.0660377	3.6661e+06	3.8221e+06	2.7003e+06	2.8523e+06
3	65	0	11409	6496	2330	2141	442	6703	7	0.0660377	3.6661e+06	3.8221e+06	2.7003e+06	2.8523e+06
3	66	0	11659	6703	2421	2094	441	6531	7	0.0660377	3.6661e+06	3.8221e+06	2.7003e+06	2.8523e+06
3	67	0	11562	6531	2510	2087	434	6600	8	0.0754717	3.5661e+06	3.8221e+06	2.7003e+06	2.8523e+06
3	68	0	11633	6600	2445	2117	471	6654	8	0.0754717	3.5661e+06	3.8221e+06	2.7003e+06	2.8523e+06
3	69	0	11756	6654	2508	2142	452	6750	7	0.0660377	3.6661e+06	3.8221e+06	2.7003e+06	2.8523e+06
3	70	0	11903	6750	2549	2152	452	6712	8	0.0754717	3.5661e+06	3.8221e+06	2.7003e+06	2.8523e+06
3	71	0	11854	6712	2475	2225	442	7063	8	0.0754717	3.5661e+06	3.8221e+06	2.7003e+06	2.8523e+06
3	72	0	12189	7063	2521	2129	476	6838	8	0.0754717	3.5661e+06	3.8221e+06	2.7003e+06	2.8523e+06
3	73	0	12188	6838	2680	2174	496	7096	9	0.0849057	3.5661e+06	3.8501e+06	2.7003e+06	2.8523e+06
3	74	0	12407	7096	2533	2287	491	7267	8	0.0754717	3.5661e+06	3.8221e+06	2.7003e+06	2.8523e+06
3	75	0	12561	7267	2555	2202	537	7226	8	0.0754717	3.5661e+06	3.8221e+06	2.7003e+06	2.8523e+06
3	76	0	12702	7226	2707	2278	491	7380	8	0.0754717	3.5661e+06	3.8221e+06	2.7003e+06	2.8523e+06
3	77	0	13000	7380	2689	2426	505	7478	8	0.0754717	3.5661e+06	3.8221e+06	2.7003e+06	2.8523e+06
3	78	0	13154	7478	2800	2358	518	7517	8	0.0754717	3.5661e+06	3.8221e+06	2.7003e+06	2.8523e+06
3	79	0	13189	7517	2786	2374	512	7381	9	0.0849057	3.5661e+06	3.8221e+06	2.7003e+06	2.8843e+06
3	80	0	13078	7381	2842	2365	490	7317	8	0.0754717	3.5661e+06	3.8221e+06	2.7003e+06	2.8523e+06
3	81	0	13135	7317	2863	2486	469	7554	12	0.113208	3.5661e+06	3.8621e+06	2.6683e+06	2.8843e+06
3	82	0	13394	7554	2815	2522	503	7811	11	0.103774	3.5661e+06	3.8221e+06	2.6683e+06	2.8843e+06
3	83	0	13660	7811	2823	2483	543	7942	11	0.103774	3.5661e+06	3.8901e+06	2.6683e+06	2.8843e+06
3	84	0	13762	7942	2858	2429	533	7629	13	0.122642	3.5661e+06	3.8901e+06	2.6683e+06	2.8843e+06
3	85	0	13618	7629	3037	2446	506	7547	16	0.150943	3.5661e+06	3.8901e+06	2.6603e+06	2.8923e+06
3	86	0	13569	7547	2867	2611	544	8285	16	0.150943	3.5661e+06	3.8901e+06	2.6603e+06	2.8923e+06
3	87	0	14155	8285	2873	2442	555	7861	14	0.132075	3.5661e+06	3.8901e+06	2.6683e+06	2.8923e+06
3	88	0	13855	7861	3041	2432	521	7764	15	0.141509	3.5661e+06	3.8901e+06	2.6683e+06	2.8923e+06
3	89	0	13832	7764	2984	2596	488	8132	17	0.160377	3.5661e+06	3.8901e+06	2.6603e+06	2.8923e+06
3	90	0	14144	8132	2878	2579	555	8277	17	0.160377	3.5661e+06	3.8901e+06	2.6603e+06	2.8923e+06
3	91	0	14341	8277	2979	2517	568	8200	15	0.141509	3.5661e+06	3.8901e+06	2.6683e+06	2.8923e+06
3	92	0	14451	8200	3133	2596	522	8332	17	0.160377	3.5661e+06	3.8901e+06	2.6603e+06	2.8923e+06
3	93	0	14699	8332	3187	2649	531	8532	17	0.160377	3.5661e+06	3.8901e+06	2.6603e+06	2.8923e+06
3	94	0	15041	8532	3216	2712	581	8762	17	0.160377	3.5661e+06	3.8901e+06	2.6603e+06	2.8923e+06
3	95	0	15236	8762	3149	2744	581	8788	17	0.160377	3.5661e+06	3.8901e+06	2.6603e+06	2.8923e+06
3	96	0	15518	8788	3372	2740	618	8867	17	0.160377	3.5661e+06	3.8901e+06	2.6603e+06	2.8923e+06
3	97	0	15752	8867	3369	2914	602	9350	17	0.160377	3.5661e+06	3.8901e+06	2.6603e+06	2.8923e+06
3	98	0	16231	9350	3340	2895	646	9464	18	0.169811	3.5661e+06	3.8901e+06	2.6603e+06	2.8923e+06
3	99	0	16566	9464	3536	2894	672	9362	19	0.179245	3.5661e+06	3.8901e+06	2.6603e+06	2.9283e+06
3	100	0	16586	9362	3514	3045	665	0	18	0.169811	3.5661e+06	3.8901e+06	2.6603e+06	2.8923e+06
4	0	0	40	0	0	20	20	217	1	0.00943396	3.6661e+06	3.7541e+06	2.7443e+06	2.7843e+06
4	1	0	226	217	0	2	7	54	1	0.00943396	3.6661e+06	3.7541e+06	2.7443e+06	2.7843e+06
4	2	0	151	54	96	0	1	6	1	0.00943396	3.6661e+06	3.7541e+06	2.7443e+06	2.7843e+06
4	3	0	95	6	25	63	1	232	1	0.00943396	3.6661e+06	3.7541e+06	2.7443e+06	2.7843e+06
4	4	0	277	232	4	34	7	181	1	0.00943396	3.6661e+06	3.7541e+06	2.7443e+06	2.7843e+06
4	5	0	288	181	88	14	5	68	1	0.00943396	3.6661e+06	3.7541e+06	2.7443e+06	2.7843e+06
4	6	0	204	68	71	63	2	286	1	0.00943396	3.6661e+06	3.7541e+06	2.7443e+06	2.7843e+06
4	7	0	376	286	26	49	15	301	1	0.00943396	3.6661e+06	3.7541e+06	2.7443e+06	2.7843e+06
4	8	0	449	301	113	29	6	145	1	0.00943396	3.6661e+06	3.7541e+06	2.7443e+06	2.7843e+06
4	9	0	364	145	129	84	6	418	1	0.00943396	3.6661e+06	3.7541e+06	2.7443e+06	2.7843e+06
4	10	0	596	418	71	89	18	462	1	0.00943396	3.6661e+06	3.7541e+06	2.7443e+06	2.7843e+06
4	11	0	716	462	174	57	23	374	1	0.00943396	3.6661e+06	3.7541e+06	2.7443e+06	2.7843e+06
4	12	0	735	374	205	140	16	685	1	0.00943396	3.6661e+06	3.7541e+06	2.7443e+06	2.7843e+06
4	13	0	1055	685	173	177	20	771	1	0.00943396	3.6661e+06	3.7541e+06	2.7443e+06	2.7843e+06
4	14	0	1255	771	272	174	38	806	1	0.00943396	3.6661e+06	3.7541e+06	2.7443e+06	2.7843e+06
4	15	0	1390	806	314	230	40	985	1	0.00943396	3.6661e+06	3.7541e+06	2.7443e+06	2.7843e+06
4	16	0	1634	985	335	261	53	1129	1	0.00943396	3.6661e+06	3.7541e+06	2.7443e+06	2.7843e+06
4	17	0	1884	1129	418	286	51	1243	1	0.00943396	3.6661e+06	3.7541e+06	2.7443e+06	2.7843e+06
4	18	0	2157	1243	507	352	55	1347	1	0.00943396	3.6661e+06	3.7541e+06	2.7443e+06	2.7843e+06
4	19	0	2347	1347	516	420	64	1731	1	0.00943396	3.6661e+06	3.7541e+06	2.7443e+06	2.7843e+06
4	20	0	2856	1731	568	463	94	1722	2	0.0188679	3.6661e+06	3.7541e+06	2.7003e+06	2.7843e+06
4	21	0	3025	1722	739	460	104	1762	3	0.0283019	3.6661e+06	3.7861e+06	2.7003e+06	2.7843e+06
4	22	0	3208	1762	727	628	91	2271	3	0.0283019	3.6661e+06	3.7861e+06	2.7003e+06	2.7843e+06
4	23	0	3797	2271	758	637	131	2232	3	0.0283019	3.6661e+06	3.7861e+06	2.7003e+06	2.7843e+06
4	24	0	3940	2232	943	635	130	2181	3	0.0283019	3.6661e+06	3.7581e+06	2.7003e+06	2.8043e+06
4	25	0	3993	2181	904	769	139	2583	4	0.0377358	3.6661e+06	3.7861e+06	2.7003e+06	2.8043e+06
4	26	0	4394	2583	895	763	153	2691	4	0.0377358	3.6661e+06	3.7861e+06	2.7003e+06	2.8043e+06
4	27	0	4721	2691	1085	764	181	2678	4	0.0377358	3.6661e+06	3.7861e+06	2.7003e+06	2.8043e+06
4	28	0	4853	2678	1113	908	154	3113	4	0.0377358	3.6661e+06	3.7861e+06	2.7003e+06	2.8043e+06
4	29	0	5279	3113	1048	952	166	3141	4	0.0377358	3.6661e+06	3.7861e+06	2.7003e+06	2.8043e+06
4	30	0	5514	3141	1243	928	202	3340	4	0.0377358	3.6661e+06	3.7861e+06	2.7003e+06	2.8043e+06
4	31	0	5861	3340	1262	1041	218	3826	4	0.0377358	3.6661e+06	3.7861e+06	2.7003e+06	2.8043e+06
4	32	0	6442	3826	1311	1090	215	3820	4	0.0377358	3.6661e+06	3.7861e+06	2.7003e+06	2.8043e+06
4	33	0	6714	3820	1499	1153	242	4137	4	0.0377358	3.6661e+06	3.7861e+06	2.7003e+06	2.8043e+06
4	34	0	7266	4137	1552	1287	290	4612	4	0.0377358	3.6661e+06	3.7861e+06	2.7003e+06	2.8043e+06
4	35	0	7922	4612	1694	1331	285	4651	4	0.0377358	3.6661e+06	3.7861e+06	2.7003e+06	2.8043e+06
4	36	0	8219	4651	1862	1438	268	4939	4	0.0377358	3.6661e+06	3.7861e+06	2.7003e+06	2.8043e+06
4	37	0	8712	4939	1901	1581	291	5358	4	0.0377358	3.6661e+06	3.7861e+06	2.7003e+06	2.8043e+06
4	38	0	9285	5358	1982	1612	333	5366	4	0.0377358	3.6661e+06	3.7861e+06	2.7003e+06	2.8043e+06
4	39	0	9488	5366	2113	1704	305	5437	4	0.0377358	3.6661e+06	3.7861e+06	2.7003e+06	2.8043e+06
4	40	0	9733	5437	2156	1795	345	5868	4	0.0377358	3.6661e+06	3.7861e+06	2.7003e+06	2.8043e+06
4	41	0	10360	5868	2190	1928	374	6067	4	0.0377358	3.6661e+06	3.7861e+06	2.7003e+06	2.8043e+06
4	42	0	10584	6067	2174	1933	410	6189	4	0.0377358	3.6661e+06	3.7861e+06	2.7003e+06	2.8043e+06
4	43	0	10866	6189	2352	1871	454	5913	4	0.0377358	3.6661e+06	3.7861e+06	2.7003e+06	2.8043e+06
4	44	0	10669	5913	2324	2027	405	6297	4	0.0377358	3.6661e+06	3.7861e+06	2.7003e+06	2.8043e+06
4	45	0	10973	6297	2199	2022	455	6295	5	0.0471698	3.6661e+06	3.7901e+06	2.7003e+06	2.8363e+06
4	46	0	11061	6295	2337	1978	451	6175	4	0.0377358	3.6661e+06	3.7861e+06	2.7003e+06	2.8043e+06
4	47	0	10996	6175	2338	2053	430	6361	4	0.0377358	3.6661e+06	3.7861e+06	2.7003e+06	2.8043e+06
4	48	0	11193	6361	2275	2087	470	6528	4	0.0377358	3.6661e+06	3.7861e+06	2.7003e+06	2.8043e+06
4	49	0	11252	6528	2279	1997	448	6110	5	0.0471698	3.6661e+06	3.7901e+06	2.7003e+06	2.8363e+06
4	50	0	10899	6110	2370	1977	442	6277	4	0.0377358	3.6661e+06	3.7861e+06	2.7003e+06	2.8043e+06
4	51	0	10919	6277	2225	2004	413	6157	4	0.0377358	3.6661e+06	3.7861e+06	2.7003e+06	2.8043e+06
4	52	0	10908	6157	2395	1948	408	6105	5	0.0471698	3.6661e+06	3.8501e+06	2.7003e+06	2.8043e+06
4	53	0	10939	6105	2362	2050	422	6329	5	0.0471698	3.6661e+06	3.8501e+06	2.7003e+06	2.8043e+06
4	54	0	10966	6329	2194	1993	450	6443	5	0.0471698	3.6661e+06	3.7901e+06	2.7003e+06	2.8363e+06
4	55	0	11204	6443	2396	1908	457	6074	7	0.0660377	3.6661e+06	3.8501e+06	2.7003e+06	2.8723e+06
4	56	0	10979	6074	2397	2066	442	6365	4	0.0377358	3.6661e+06	3.7861e+06	2.7003e+06	2.8043e+06
4	57	0	11152	6365	2274	2081	432	6305	5	0.0471698	3.6661e+06	3.7901e+06	2.7003e+06	2.8363e+06
4	58	0	11055	6305	2334	1959	457	6192	7	0.0660377	3.6661e+06	3.8501e+06	2.7003e+06	2.8723e+06
4	59	0	11031	6192	2398	2006	435	6180	6	0.0566038	3.6661e+06	3.7901e+06	2.7003e+06	2.8723e+06
4	60	0	10933	6180	2291	2044	418	6408	7	0.0660377	3.6661e+06	3.8101e+06	2.7003e+06	2.8723e+06
4	61	0	11097	6408	2308	1995	386	6073	8	0.0754717	3.6661e+06	3.8501e+06	2.7003e+06	2.8723e+06
4	62	0	10982	6073	2493	1978	438	6296	8	0.0754717	3.6661e+06	3.8501e+06	2.7003e+06	2.8723e+06
4	63	0	11095	6296	2277	2116	406	6382	8	0.0754717	3.6661e+06	3.8501e+06	2.7003e+06	2.8723e+06
4	64	0	11099	6382	2265	1960	492	6165	8	0.0754717	3.6661e+06	3.8501e+06	2.7003e+06	2.8723e+06
4	65	0	11012	6165	2403	1973	471	6376	9	0.0849057	3.6661e+06	3.8501e+06	2.7003e+06	2.8723e+06
4	66	0	11110	6376	2292	1995	447	6326	9	0.0849057	3.6661e+06	3.8501e+06	2.7003e+06	2.8723e+06
4	67	0	11164	6326	2449	1986	403	6107	8	0.0754717	3.6661e+06	3.8501e+06	2.7003e+06	2.8723e+06
4	68	0	10889	6107	2302	2071	409	6568	9	0.0849057	3.6661e+06	3.8501e+06	2.7003e+06	2.8723e+06
4	69	0	11206	6568	2247	1957	434	6250	9	0.0849057	3.6661e+06	3.8501e+06	2.7003e+06	2.8723e+06
4	70	0	11050	6250	2473	1905	422	6034	9	0.0849057	3.6661e+06	3.8501e+06	2.7003e+06	2.8723e+06
4	71	0	10955	6034	2404	2098	419	6624	9	0.0849057	3.6661e+06	3.8501e+06	2.7003e+06	2.8723e+06
4	72	0	11483	6624	2339	2072	448	6614	9	0.0849057	3.6661e+06	3.8501e+06	2.7003e+06	2.8723e+06
4	73	0	11538	6614	2489	1994	441	6397	9	0.0849057	3.6661e+06	3.8501e+06	2.7003e+06	2.8723e+06
4	74	0	11474	6397	2526	2112	439	6619	9	0.0849057	3.6661e+06	3.8501e+06	2.7003e+06	2.8723e+06
4	75	0	11629	6619	2398	2178	434	6907	9	0.0849057	3.6661e+06	3.8501e+06	2.7003e+06	2.8723e+06
4	76	0	11891	6907	2420	2106	458	6757	9	0.0849057	3.6661e+06	3.8501e+06	2.7003e+06	2.8723e+06
4	77	0	11858	6757	2596	2045	460	6711	9	0.0849057	3.6661e+06	3.8501e+06	2.7003e+06	2.8723e+06
4	78	0	11975	6711	2569	2251	444	7032	9	0.0849057	3.6661e+06	3.8501e+06	2.7003e+06	2.8723e+06
4	79	0	12191	7032	2455	2256	448	7054	9	0.0849057	3.6661e+06	3.8501e+06	2.7003e+06	2.8723e+06
4	80	0	12290	7054	2651	2126	459	6902	9	0.0849057	3.6661e+06	3.8501e+06	2.7003e+06	2.8723e+06
4	81	0	12258	6902	2621	2278	457	7396	9	0.0849057	3.6661e+06	3.8501e+06	2.7003e+06	2.8723e+06
4	82	0	12757	7396	2624	2251	486	7204	9	0.0849057	3.6661e+06	3.8501e+06	2.7003e+06	2.8723e+06
4	83	0	12642	7204	2698	2270	470	7296	9	0.0849057	3.6661e+06	3.8501e+06	2.7003e+06	2.8723e+06
4	84	0	12846	7296	2755	2309	486	7284	9	0.0849057	3.6661e+06	3.8501e+06	2.7003e+06	2.8723e+06
4	85	0	12867	7284	2794	2300	489	7579	10	0.0943396	3.6661e+06	3.8621e+06	2.7003e+06	2.8723e+06
4	86	0	13229	7579	2823	2359	468	7443	9	0.0849057	3.6661e+06	3.8501e+06	2.7003e+06	2.8723e+06
4	87	0	13325	7443	2882	2445	555	8086	11	0.103774	3.6661e+06	3.8741e+06	2.7003e+06	2.8843e+06
4	88	0	14005	8086	2827	2513	579	7976	11	0.103774	3.6661e+06	3.8621e+06	2.7003e+06	2.8923e+06
4	89	0	14094	7976	3076	2478	564	7806	9	0.0849057	3.6661e+06	3.8501e+06	2.7003e+06	2.8723e+06
4	90	0	13970	7806	3058	2587	519	8080	12	0.113208	3.6661e+06	3.8741e+06	2.7003e+06	2.8923e+06
4	91	0	14189	8080	2922	2641	546	8298	12	0.113208	3.6661e+06	3.8621e+06	2.7003e+06	2.8923e+06
4	92	0	14353	8298	2936	2561	558	8066	13	0.122642	3.6661e+06	3.8941e+06	2.7003e+06	2.8923e+06
4	93	0	14210	8066	3088	2546	510	8098	13	0.122642	3.6661e+06	3.8941e+06	2.6683e+06	2.8923e+06
4	94	0	14426	8098	3086	2668	574	8531	14	0.132075	3.6661e+06	3.8941e+06	2.6683e+06	2.8923e+06
4	95	0	14815	8531	3034	2667	583	8468	15	0.141509	3.6661e+06	3.8941e+06	2.6683e+06	2.8923e+06
4	96	0	14911	8468	3229	2628	586	8341	16	0.150943	3.6661e+06	3.8941e+06	2.6603e+06	2.8923e+06
4	97	0	14817	8341	3170	2740	566	8566	16	0.150943	3.6661e+06	3.8941e+06	2.6603e+06	2.8923e+06
4	98	0	15124	8566	3178	2771	609	8651	16	0.150943	3.6661e+06	3.8941e+06	2.6603e+06	2.8923e+06
4	99	0	15159	8651	3150	2748	610	8849	16	0.150943	3.6661e+06	3.8941e+06	2.6603e+06	2.8923e+06
4	100	0	15419	8849	3234	2747	589	0	16	0.150943	3.6661e+06	3.8941e+06	2.6603e+06	2.8923e+06
5	0	0	40	0	0	20	20	191	1	0.00943396	3.6661e+06	3.7541e+06	2.7443e+06	2.7843e+06
5	1	0	204	191	0	6	7	71	1	0.00943396	3.6661e+06	3.7541e+06	2.7443e+06	2.7843e+06
5	2	0	149	71	74	2	2	23	1	0.00943396	3.6661e+06	3.7541e+06	2.7443e+06	2.7843e+06
5	3	0	106	23	33	48	2	233	1	0.00943396	3.6661e+06	3.7541e+06	2.7443e+06	2.7843e+06
5	4	0	289	233	12	33	11	212	1	0.00943396	3.6661e+06	3.7541e+06	2.7443e+06	2.7843e+06
5	5	0	335	212	96	19	8	137	1	0.00943396	3.6661e+06	3.7541e+06	2.7443e+06	2.7843e+06
5	6	0	299	137	90	67	5	312	1	0.00943396	3.6661e+06	3.7541e+06	2.7443e+06	2.7843e+06
5	7	0	464	312	65	77	10	419	1	0.00943396	3.6661e+06	3.7541e+06	2.7443e+06	2.7843e+06
5	8	0	617	419	121	61	16	318	1	0.00943396	3.6661e+06	3.7541e+06	2.7443e+06	2.7843e+06
5	9	0	628	318	194	103	13	488	1	0.00943396	3.6661e+06	3.7541e+06	2.7443e+06	2.7843e+06
5	10	0	795	488	142	139	26	715	1	0.00943396	3.6661e+06	3.7541e+06	2.7443e+06	2.7843e+06
5	11	0	1084	715	218	122	29	645	1	0.00943396	3.6661e+06	3.7541e+06	2.7443e+06	2.7843e+06
5	12	0	1151	645	295	180	31	871	1	0.00943396	3.6661e+06	3.7541e+06	2.7443e+06	2.7843e+06
5	13	0	1426	871	275	250	30	1024	1	0.00943396	3.6661e+06	3.7541e+06	2.7443e+06	2.7843e+06
5	14	0	1697	1024	393	243	37	1020	1	0.00943396	3.6661e+06	3.7541e+06	2.7443e+06	2.7843e+06
5	15	0	1810	1020	419	310	61	1286	1	0.00943396	3.6661e+06	3.7541e+06	2.7443e+06	2.7843e+06
5	16	0	2172	1286	456	364	66	1478	1	0.00943396	3.6661e+06	3.7541e+06	2.7443e+06	2.7843e+06
5	17	0	2480	1478	528	391	83	1586	1	0.00943396	3.6661e+06	3.7541e+06	2.7443e+06	2.7843e+06
5	18	0	2723	1586	621	439	77	1652	1	0.00943396	3.6661e+06	3.7541e+06	2.7443e+06	2.7843e+06
5	19	0	2958	1652	681	519	106	1995	3	0.0283019	3.6661e+06	3.7861e+06	2.7003e+06	2.7843e+06
5	20	0	3425	1995	740	575	115	2074	4	0.0377358	3.6661e+06	3.7861e+06	2.7003e+06	2.8043e+06
5	21	0	3631	2074	828	606	123	2123	3	0.0283019	3.6661e+06	3.7861e+06	2.7003e+06	2.7843e+06
5	22	0	3773	2123	825	701	124	2464	3	0.0283019	3.6661e+06	3.7861e+06	2.7003e+06	2.7843e+06
5	23	0	4230	2464	873	727	166	2478	4	0.0377358	3.6661e+06	3.7861e+06	2.7003e+06	2.8043e+06
5	24	0	4431	2478	1015	783	155	2574	4	0.0377358	3.6661e+06	3.7861e+06	2.7003e+06	2.8043e+06
5	25	0	4645	2574	1057	856	158	2860	4	0.0377358	3.6661e+06	3.7861e+06	2.7003e+06	2.8043e+06
5	26	0	5004	2860	1055	907	182	3183	4	0.0377358	3.6661e+06	3.7861e+06	2.7003e+06	2.8043e+06
5	27	0	5429	3183	1140	915	191	3177	4	0.0377358	3.6661e+06	3.7861e+06	2.7003e+06	2.8043e+06
5	28	0	5565	3177	1226	969	193	3587	4	0.0377358	3.6661e+06	3.7861e+06	2.7003e+06	2.8043e+06
5	29	0	6102	3587	1275	1039	201	3636	4	0.0377358	3.6661e+06	3.7861e+06	2.7003e+06	2.8043e+06
5	30	0	6459	3636	1499	1111	213	3967	4	0.0377358	3.6661e+06	3.7861e+06	2.7003e+06	2.8043e+06
5	31	0	6869	3967	1467	1216	219	4215	4	0.0377358	3.6661e+06	3.7861e+06	2.7003e+06	2.8043e+06
5	32	0	7320	4215	1640	1231	234	4349	4	0.0377358	3.6661e+06	3.7861e+06	2.7003e+06	2.8043e+06
5	33	0	7776	4349	1743	1399	285	5076	4	0.0377358	3.6661e+06	3.7861e+06	2.7003e+06	2.8043e+06
5	34	0	8558	5076	1699	1480	303	5083	4	0.0377358	3.6661e+06	3.7861e+06	2.7003e+06	2.8043e+06
5	35	0	8868	5083	2001	1494	290	5007	4	0.0377358	3.6661e+06	3.7861e+06	2.7003e+06	2.8043e+06
5	36	0	9098	5007	2089	1691	311	5591	4	0.0377358	3.6661e+06	3.7861e+06	2.7003e+06	2.8043e+06
5	37	0	9677	5591	1960	1760	366	5755	4	0.0377358	3.6661e+06	3.7861e+06	2.7003e+06	2.8043e+06
5	38	0	10114	5755	2255	1713	391	5696	4	0.0377358	3.6661e+06	3.7861e+06	2.7003e+06	2.8043e+06
5	39	0	10230	5696	2223	1927	384	6114	4	0.0377358	3.6661e+06	3.7861e+06	2.7003e+06	2.8043e+06
5	40	0	10738	6114	2211	1990	423	6190	4	0.0377358	3.6661e+06	3.7861e+06	2.7003e+06	2.8043e+06
5	41	0	10906	6190	2344	1932	440	6108	4	0.0377358	3.6661e+06	3.7861e+06	2.7003e+06	2.8043e+06
5	42	0	10948	6108	2361	2052	427	6389	4	0.0377358	3.6661e+06	3.7861e+06	2.7003e+06	2.8043e+06
5	43	0	11118	6389	2231	2052	446	6304	6	0.0566038	3.6661e+06	3.8101e+06	2.7003e+06	2.8523e+06
5	44	0	11089	6304	2361	1970	454	6391	5	0.0471698	3.6661e+06	3.7901e+06	2.7003e+06	2.8363e+06
5	45	0	11132	6391	2296	1999	446	6340	4	0.0377358	3.6661e+06	3.7861e+06	2.7003e+06	2.8043e+06
5	46	0	11096	6340	2352	1984	420	6125	6	0.0566038	3.6661e+06	3.8101e+06	2.7003e+06	2.8523e+06
5	47	0	10993	6125	2391	2018	459	6385	6	0.0566038	3.6661e+06	3.8101e+06	2.7003e+06	2.8523e+06
5	48	0	11097	6385	2256	2016	440	6350	5	0.0471698	3.6661e+06	3.7901e+06	2.7003e+06	2.8363e+06
5	49	0	11127	6350	2379	1952	446	6164	6	0.0566038	3.6661e+06	3.8101e+06	2.7003e+06	2.8523e+06
5	50	0	11073	6164	2466	2041	402	6015	6	0.0566038	3.6661e+06	3.8101e+06	2.7003e+06	2.8523e+06
5	51	0	10846	6015	2247	2158	426	6747	6	0.0566038	3.6661e+06	3.8101e+06	2.7003e+06	2.8523e+06
5	52	0	11408	6747	2221	2004	436	6179	7	0.0660377	3.6661e+06	3.8501e+06	2.7003e+06	2.8523e+06
5	53	0	11000	6179	2451	1944	426	6284	6	0.0566038	3.6661e+06	3.8101e+06	2.7003e+06	2.8523e+06
5	54	0	11065	6284	2315	2021	445	6210	6	0.0566038	3.6661e+06	3.8101e+06	2.7003e+06	2.8523e+06
5	55	0	11034	6210	2368	2013	443	6400	7	0.0660377	3.6661e+06	3.8501e+06	2.7003e+06	2.8523e+06
5	56	0	11170	6400	2306	2052	412	6327	7	0.0660377	3.6661e+06	3.8501e+06	2.7003e+06	2.8523e+06
5	57	0	11129	6327	2358	2005	439	6320	6	0.0566038	3.6661e+06	3.8101e+06	2.7003e+06	2.8523e+06
5	58	0	11203	6320	2415	2044	424	6342	7	0.0660377	3.6661e+06	3.8501e+06	2.7003e+06	2.8523e+06
5	59	0	11201	6342	2293	2142	424	6731	6	0.0566038	3.6661e+06	3.8101e+06	2.7003e+06	2.8523e+06
5	60	0	11465	6731	2299	2001	434	6259	6	0.0566038	3.6661e+06	3.8101e+06	2.7003e+06	2.8523e+06
5	61	0	11251	6259	2577	2010	405	6257	7	0.0660377	3.6661e+06	3.8501e+06	2.7003e+06	2.8523e+06
5	62	0	11142	6257	2346	2114	425	6514	7	0.0660377	3.6661e+06	3.8501e+06	2.7003e+06	2.8523e+06
5	63	0	11415	6514	2354	2098	449	6743	8	0.0754717	3.6661e+06	3.8501e+06	2.7003e+06	2.8523e+06
5	64	0	11644	6743	2416	2060	425	6343	7	0.0660377	3.6661e+06	3.8501e+06	2.7003e+06	2.8523e+06
5	65	0	11438	6343	2620	2036	439	6485	7	0.0660377	3.6661e+06	3.8501e+06	2.7003e+06	2.8523e+06
5	66	0	11454	6485	2412	2140	417	6687	8	0.0754717	3.6661e+06	3.8501e+06	2.7003e+06	2.8523e+06
5	67	0	11721	6687	2507	2084	443	6587	8	0.0754717	3.6661e+06	3.8501e+06	2.7003e+06	2.8523e+06
5	68	0	11742	6587	2553	2130	472	6776	7	0.0660377	3.6661e+06	3.8501e+06	2.7003e+06	2.8523e+06
5	69	0	11904	6776	2500	2197	431	6800	8	0.0754717	3.6661e+06	3.8501e+06	2.7003e+06	2.8523e+06
5	70	0	12065	6800	2609	2180	476	6994	8	0.0754717	3.6661e+06	3.8501e+06	2.7003e+06	2.8523e+06
5	71	0	12256	6994	2557	2260	445	6825	7	0.0660377	3.6661e+06	3.8501e+06	2.7003e+06	2.8523e+06
5	72	0	12169	6825	2620	2247	477	7017	8	0.0754717	3.6661e+06	3.8501e+06	2.7003e+06	2.8523e+06
5	73	0	12367	7017	2628	2246	476	6990	8	0.0754717	3.6661e+06	3.8501e+06	2.7003e+06	2.8523e+06
5	74	0	12254	6990	2467	2286	511	7478	8	0.0754717	3.6661e+06	3.8501e+06	2.7003e+06	2.8523e+06
5	75	0	12742	7478	2554	2199	511	7023	8	0.0754717	3.6661e+06	3.8501e+06	2.7003e+06	2.8523e+06
5	76	0	12529	7023	2795	2201	510	7048	8	0.0754717	3.6661e+06	3.8501e+06	2.7003e+06	2.8523e+06
5	77	0	12601	7048	2679	2380	494	7413	10	0.0943396	3.6661e+06	3.8501e+06	2.7003e+06	2.8843e+06
5	78	0	12864	7413	2641	2290	520	7224	9	0.0849057	3.6661e+06	3.8501e+06	2.7003e+06	2.8843e+06
5	79	0	12813	7224	2797	2278	514	7219	9	0.0849057	3.6661e+06	3.8501e+06	2.7003e+06	2.8843e+06
5	80	0	12839	7219	2752	2331	537	7514	10	0.0943396	3.6661e+06	3.8501e+06	2.7003e+06	2.8843e+06
5	81	0	13155	7514	2736	2394	511	7462	10	0.0943396	3.6661e+06	3.8501e+06	2.7003e+06	2.8843e+06
5	82	0	13127	7462	2763	2408	494	7390	10	0.0943396	3.6661e+06	3.8501e+06	2.7003e+06	2.8843e+06
5	83	0	13046	7390	2739	2411	506	7703	10	0.0943396	3.6661e+06	3.8501e+06	2.7003e+06	2.8843e+06
5	84	0	13375	7703	2727	2433	512	7329	10	0.0943396	3.6661e+06	3.8501e+06	2.7003e+06	2.8843e+06
5	85	0	13097	7329	2821	2405	542	7641	10	0.0943396	3.6661e+06	3.8501e+06	2.7003e+06	2.8843e+06
5	86	0	13338	7641	2717	2412	568	7735	10	0.0943396	3.6661e+06	3.8501e+06	2.7003e+06	2.8843e+06
5	87	0	13512	7735	2801	2407	569	7565	11	0.103774	3.6661e+06	3.8741e+06	2.7003e+06	2.8843e+06
5	88	0	13395	7565	2926	2393	511	7554	11	0.103774	3.6661e+06	3.8941e+06	2.7003e+06	2.8843e+06
5	89	0	13364	7554	2842	2480	488	7918	10	0.0943396	3.6661e+06	3.8501e+06	2.7003e+06	2.8843e+06
5	90	0	13735	7918	2827	2451	539	7694	11	0.103774	3.6661e+06	3.8741e+06	2.7003e+06	2.8843e+06
5	91	0	13548	7694	2945	2387	522	7747	11	0.103774	3.6661e+06	3.8941e+06	2.7003e+06	2.8843e+06
5	92	0	13663	7747	2933	2470	513	7757	12	0.113208	3.6661e+06	3.9981e+06	2.6723e+06	2.8843e+06
5	93	0	13665	7757	2921	2455	532	7901	13	0.122642	3.6661e+06	3.8941e+06	2.6683e+06	2.8843e+06
5	94	0	13894	7901	2954	2515	524	7945	12	0.113208	3.6661e+06	3.8941e+06	2.7003e+06	2.8843e+06
5	95	0	14053	7945	2985	2565	558	8403	12	0.113208	3.6661e+06	3.8941e+06	2.7003e+06	2.8843e+06
5	96	0	14410	8403	2936	2545	526	7984	12	0.113208	3.6661e+06	3.8741e+06	2.6683e+06	2.8843e+06
5	97	0	14290	7984	3157	2595	554	8195	13	0.122642	3.6661e+06	3.8941e+06	2.6683e+06	2.8843e+06
5	98	0	14467	8195	3049	2688	535	8501	13	0.122642	3.6661e+06	3.8941e+06	2.7003e+06	2.8843e+06
5	99	0	14832	8501	3034	2695	602	8588	13	0.122642	3.6661e+06	3.8941e+06	2.6683e+06	2.8843e+06
5	100	0	14848	8588	3112	2575	573	0	15	0.141509	3.6661e+06	3.8941e+06	2.6683e+06	2.9283e+06
6	0	0	40	0	0	20	20	187	1	0.00943396	3.6661e+06	3.7541e+06	2.7443e+06	2.7843e+06
6	1	0	202	187	0	5	10	70	1	0.00943396	3.6661e+06	3.7541e+06	2.7443e+06	2.7843e+06
6	2	0	152	70	81	0	1	3	1	0.00943396	3.6661e+06	3.7541e+06	2.7443e+06	2.7843e+06
6	3	0	95	3	29	63	0	261	1	0.00943396	3.6661e+06	3.7541e+06	2.7443e+06	2.7843e+06
6	4	0	305	261	3	30	11	204	1	0.00943396	3.6661e+06	3.7541e+06	2.7443e+06	2.7843e+06
6	5	0	348	204	124	11	9	107	1	0.00943396	3.6661e+06	3.7541e+06	2.7443e+06	2.7843e+06
6	6	0	295	107	101	84	3	400	1	0.00943396	3.6661e+06	3.7541e+06	2.7443e+06	2.7843e+06
6	7	0	539	400	42	80	17	382	1	0.00943396	3.6661e+06	3.7541e+06	2.7443e+06	2.7843e+06
6	8	0	584	382	146	40	16	278	1	0.00943396	3.6661e+06	3.7541e+06	2.7443e+06	2.7843e+06
6	9	0	540	278	150	99	13	481	1	0.00943396	3.6661e+06	3.7541e+06	2.7443e+06	2.7843e+06
6	10	0	747	481	122	122	22	620	1	0.00943396	3.6661e+06	3.7541e+06	2.7443e+06	2.7843e+06
6	11	0	975	620	208	118	29	623	1	0.00943396	3.6661e+06	3.7541e+06	2.7443e+06	2.7843e+06
6	12	0	1060	623	247	165	25	789	1	0.00943396	3.6661e+06	3.7541e+06	2.7443e+06	2.7843e+06
6	13	0	1304	789	274	198	43	948	1	0.00943396	3.6661e+06	3.7541e+06	2.7443e+06	2.7843e+06
6	14	0	1537	948	324	216	49	1068	1	0.00943396	3.6661e+06	3.7541e+06	2.7443e+06	2.7843e+06
6	15	0	1776	1068	392	269	47	1119	2	0.0188679	3.6661e+06	3.7541e+06	2.7003e+06	2.7843e+06
6	16	0	1999	1119	477	353	50	1428	2	0.0188679	3.6661e+06	3.7541e+06	2.7003e+06	2.7843e+06
6	17	0	2391	1428	475	418	70	1626	1	0.00943396	3.6661e+06	3.7541e+06	2.7443e+06	2.7843e+06
6	18	0	2772	1626	604	456	86	1766	2	0.0188679	3.6661e+06	3.7541e+06	2.7003e+06	2.7843e+06
6	19	0	3066	1766	683	502	115	1969	2	0.0188679	3.6661e+06	3.7541e+06	2.7003e+06	2.7843e+06
6	20	0	3412	1969	738	596	109	2159	2	0.0188679	3.6661e+06	3.7541e+06	2.7003e+06	2.7843e+06
6	21	0	3719	2159	811	624	125	2187	3	0.0283019	3.6661e+06	3.7861e+06	2.7003e+06	2.7843e+06
6	22	0	3885	2187	881	702	115	2447	3	0.0283019	3.6661e+06	3.7861e+06	2.7003e+06	2.7843e+06
6	23	0	4260	2447	916	742	155	2599	4	0.0377358	3.6661e+06	3.7861e+06	2.7003e+06	2.8043e+06
6	24	0	4560	2599	1015	781	165	2691	4	0.0377358	3.6661e+06	3.7861e+06	2.7003e+06	2.8043e+06
6	25	0	4707	2691	1002	853	161	2931	4	0.0377358	3.6661e+06	3.7861e+06	2.7003e+06	2.8043e+06
6	26	0	5033	2931	1047	873	182	3198	4	0.0377358	3.6661e+06	3.7861e+06	2.7003e+06	2.8043e+06
6	27	0	5436	3198	1149	895	194	3066	4	0.0377358	3.6661e+06	3.7861e+06	2.7003e+06	2.8043e+06
6	28	0	5489	3066	1253	961	209	3543	4	0.0377358	3.6661e+06	3.7861e+06	2.7003e+06	2.8043e+06
6	29	0	5966	3543	1207	1005	211	3550	4	0.0377358	3.6661e+06	3.7861e+06	2.7003e+06	2.8043e+06
6	30	0	6309	3550	1468	1062	229	3967	4	0.0377358	3.6661e+06	3.7861e+06	2.7003e+06	2.8043e+06
6	31	0	6923	3967	1492	1234	230	4199	4	0.0377358	3.6661e+06	3.7861e+06	2.7003e+06	2.8043e+06
6	32	0	7320	4199	1593	1261	267	4528	4	0.0377358	3.6661e+06	3.7861e+06	2.7003e+06	2.8043e+06
6	33	0	7842	4528	1720	1326	268	4751	4	0.0377358	3.6661e+06	3.7861e+06	2.7003e+06	2.8043e+06
6	34	0	8380	4751	1865	1479	285	5094	4	0.0377358	3.6661e+06	3.7861e+06	2.7003e+06	2.8043e+06
6	35	0	8885	5094	1904	1594	293	5301	4	0.0377358	3.6661e+06	3.7861e+06	2.7003e+06	2.8043e+06
6	36	0	9304	5301	2097	1581	325	5296	4	0.0377358	3.6661e+06	3.7861e+06	2.7003e+06	2.8043e+06
6	37	0	9508	5296	2177	1723	312	5561	4	0.0377358	3.6661e+06	3.7861e+06	2.7003e+06	2.8043e+06
6	38	0	9849	5561	2083	1829	376	5914	4	0.0377358	3.6661e+06	3.7861e+06	2.7003e+06	2.8043e+06
6	39	0	10240	5914	2198	1725	403	5760	4	0.0377358	3.6661e+06	3.7861e+06	2.7003e+06	2.8043e+06
6	40	0	10216	5760	2227	1852	377	6056	4	0.0377358	3.6661e+06	3.7861e+06	2.7003e+06	2.8043e+06
6	41	0	10593	6056	2243	1889	405	6029	4	0.0377358	3.6661e+06	3.7861e+06	2.7003e+06	2.8043e+06
6	42	0	10746	6029	2397	1911	409	6096	4	0.0377358	3.6661e+06	3.7861e+06	2.7003e+06	2.8043e+06
6	43	0	10758	6096	2243	1981	438	6349	5	0.0471698	3.6661e+06	3.7901e+06	2.7003e+06	2.8363e+06
6	44	0	10987	6349	2253	1949	436	6179	5	0.0471698	3.6661e+06	3.7901e+06	2.7003e+06	2.8363e+06
6	45	0	10947	6179	2383	1948	437	6194	5	0.0471698	3.6661e+06	3.7901e+06	2.7003e+06	2.8363e+06
6	46	0	10973	6194	2368	2015	396	6170	5	0.0471698	3.6661e+06	3.7901e+06	2.7003e+06	2.8363e+06
6	47	0	11006	6170	2302	2091	443	6435	5	0.0471698	3.6661e+06	3.7901e+06	2.7003e+06	2.8363e+06
6	48	0	11189	6435	2267	2029	458	6384	6	0.0566038	3.6661e+06	3.8101e+06	2.7003e+06	2.8523e+06
6	49	0	11123	6384	2308	1964	467	6324	6	0.0566038	3.6661e+06	3.8221e+06	2.7003e+06	2.8363e+06
6	50	0	11091	6324	2358	1962	447	6252	6	0.0566038	3.6661e+06	3.8221e+06	2.7003e+06	2.8363e+06
6	51	0	11087	6252	2361	2044	430	6389	6	0.0566038	3.6661e+06	3.8221e+06	2.7003e+06	2.8363e+06
6	52	0	11238	6389	2307	2075	467	6544	6	0.0566038	3.6661e+06	3.8221e+06	2.7003e+06	2.8363e+06
6	53	0	11398	6544	2317	2057	480	6403	6	0.0566038	3.6661e+06	3.8221e+06	2.7003e+06	2.8363e+06
6	54	0	11270	6403	2411	2036	420	6445	6	0.0566038	3.6661e+06	3.8221e+06	2.7003e+06	2.8363e+06
6	55	0	11331	6445	2395	2032	459	6222	6	0.0566038	3.6661e+06	3.8221e+06	2.7003e+06	2.8363e+06
6	56	0	11158	6222	2442	2024	470	6531	7	0.0660377	3.6661e+06	3.8221e+06	2.7003e+06	2.8523e+06
6	57	0	11367	6531	2292	2109	435	6449	6	0.0566038	3.6661e+06	3.8221e+06	2.7003e+06	2.8363e+06
6	58	0	11263	6449	2400	1990	424	6278	6	0.0566038	3.6661e+06	3.8221e+06	2.7003e+06	2.8363e+06
6	59	0	11147	6278	2360	2074	435	6587	7	0.0660377	3.6661e+06	3.8221e+06	2.7003e+06	2.8523e+06
6	60	0	11468	6587	2348	2052	481	6498	7	0.0660377	3.6661e+06	3.8221e+06	2.7003e+06	2.8523e+06
6	61	0	11348	6498	2390	1994	466	6384	6	0.0566038	3.6661e+06	3.8221e+06	2.7003e+06	2.8363e+06
6	62	0	11348	6384	2466	2069	429	6433	7	0.0660377	3.6661e+06	3.8221e+06	2.7003e+06	2.8523e+06
6	63	0	11377	6433	2360	2107	477	6659	6	0.0566038	3.6661e+06	3.8101e+06	2.7003e+06	2.8523e+06
6	64	0	11538	6659	2379	2040	460	6435	7	0.0660377	3.6661e+06	3.8221e+06	2.7003e+06	2.8523e+06
6	65	0	11406	6435	2489	2037	445	6567	8	0.0754717	3.6661e+06	3.8501e+06	2.7003e+06	2.8523e+06
6	66	0	11616	6567	2484	2115	450	6515	7	0.0660377	3.6661e+06	3.8221e+06	2.7003e+06	2.8523e+06
6	67	0	11528	6515	2398	2136	479	6763	7	0.0660377	3.6661e+06	3.8221e+06	2.7003e+06	2.8523e+06
6	68	0	11762	6763	2397	2083	519	6795	8	0.0754717	3.6661e+06	3.8501e+06	2.7003e+06	2.8523e+06
6	69	0	11841	6795	2508	2078	460	6547	8	0.0754717	3.6661e+06	3.8501e+06	2.7003e+06	2.8523e+06
6	70	0	11679	6547	2570	2127	435	6520	7	0.0660377	3.6661e+06	3.8221e+06	2.7003e+06	2.8523e+06
6	71	0	11699	6520	2535	2171	473	6951	7	0.0660377	3.6661e+06	3.8221e+06	2.7003e+06	2.8523e+06
6	72	0	12069	6951	2458	2166	494	6881	8	0.0754717	3.6661e+06	3.8501e+06	2.7003e+06	2.8523e+06
6	73	0	12059	6881	2583	2112	483	6591	7	0.0660377	3.6661e+06	3.8221e+06	2.7003e+06	2.8523e+06
6	74	0	11868	6591	2634	2148	495	7067	7	0.0660377	3.6661e+06	3.8221e+06	2.7003e+06	2.8523e+06
6	75	0	12286	7067	2478	2248	493	7252	8	0.0754717	3.6661e+06	3.8501e+06	2.7003e+06	2.8523e+06
6	76	0	12506	7252	2626	2161	467	6795	7	0.0660377	3.6661e+06	3.8221e+06	2.7003e+06	2.8523e+06
6	77	0	12214	6795	2704	2235	480	7308	7	0.0660377	3.6661e+06	3.8221e+06	2.7003e+06	2.8523e+06
6	78	0	12688	7308	2563	2309	508	7495	8	0.0754717	3.6661e+06	3.8501e+06	2.7003e+06	2.8523e+06
6	79	0	12958	7495	2719	2257	487	7061	8	0.0754717	3.6661e+06	3.8501e+06	2.7003e+06	2.8523e+06
6	80	0	12715	7061	2807	2333	514	7562	8	0.0754717	3.6661e+06	3.8221e+06	2.7003e+06	2.8843e+06
6	81	0	13210	7562	2713	2421	514	7590	10	0.0943396	3.6661e+06	3.8501e+06	2.7003e+06	2.8843e+06
6	82	0	13243	7590	2772	2368	513	7465	9	0.0849057	3.6661e+06	3.8501e+06	2.7003e+06	2.8843e+06
6	83	0	13216	7465	2845	2365	541	7516	8	0.0754717	3.6661e+06	3.8221e+06	2.7003e+06	2.8843e+06
6	84	0	13137	7516	2719	2403	499	7649	10	0.0943396	3.6661e+06	3.8501e+06	2.6683e+06	2.8843e+06
6	85	0	13322	7649	2808	2334	531	7394	10	0.0943396	3.6661e+06	3.8501e+06	2.6683e+06	2.8843e+06
6	86	0	13135	7394	2807	2414	520	7771	11	0.103774	3.6661e+06	3.8621e+06	2.6683e+06	2.8843e+06
6	87	0	13512	7771	2803	2400	538	7592	12	0.113208	3.6661e+06	3.8621e+06	2.6683e+06	2.8843e+06
6	88	0	13387	7592	2878	2400	517	7593	14	0.132075	3.6661e+06	3.8901e+06	2.6683e+06	2.8843e+06
6	89	0	13490	7593	2852	2517	528	7959	13	0.122642	3.6661e+06	3.8901e+06	2.6683e+06	2.8843e+06
6	90	0	13834	7959	2875	2487	513	7635	12	0.113208	3.6661e+06	3.8621e+06	2.6683e+06	2.8843e+06
6	91	0	13590	7635	2952	2453	550	8032	14	0.132075	3.6661e+06	3.8901e+06	2.6683e+06	2.8843e+06
6	92	0	13941	8032	2832	2586	491	8008	13	0.122642	3.6661e+06	3.8901e+06	2.6683e+06	2.8843e+06
6	93	0	14119	8008	3056	2523	532	7972	12	0.113208	3.6661e+06	3.8621e+06	2.6683e+06	2.8843e+06
6	94	0	14121	7972	2979	2578	592	8321	13	0.122642	3.6661e+06	3.8901e+06	2.6683e+06	2.8843e+06
6	95	0	14373	8321	2902	2589	561	8172	14	0.132075	3.6661e+06	3.8901e+06	2.6603e+06	2.8843e+06
6	96	0	14331	8172	3075	2515	569	8095	14	0.132075	3.6661e+06	3.8901e+06	2.6603e+06	2.8843e+06
6	97	0	14441	8095	3124	2664	558	8500	13	0.122642	3.6661e+06	3.8901e+06	2.6683e+06	2.8843e+06
6	98	0	14887	8500	3091	2689	607	8716	14	0.132075	3.6661e+06	3.8901e+06	2.6603e+06	2.8843e+06
6	99	0	15180	8716	3213	2631	620	8523	13	0.122642	3.6661e+06	3.8901e+06	2.6683e+06	2.8843e+06
6	100	0	15082	8523	3287	2670	602	0	13	0.122642	3.6661e+06	3.8901e+06	2.6683e+06	2.8843e+06
7	0	0	40	0	0	20	20	213	1	0.00943396	3.6661e+06	3.7541e+06	2.7443e+06	2.7843e+06
7	1	0	228	213	0	5	10	80	1	0.00943396	3.6661e+06	3.7541e+06	2.7443e+06	2.7843e+06
7	2	0	178	80	95	2	1	11	1	0.00943396	3.6661e+06	3.7541e+06	2.7443e+06	2.7843e+06
7	3	0	116	11	40	65	0	276	1	0.00943396	3.6661e+06	3.7541e+06	2.7443e+06	2.7843e+06
7	4	0	336	276	3	48	9	241	1	0.00943396	3.6661e+06	3.7541e+06	2.7443e+06	2.7843e+06
7	5	0	378	241	105	16	16	162	1	0.00943396	3.6661e+06	3.7541e+06	2.7443e+06	2.7843e+06
7	6	0	345	162	98	72	13	380	1	0.00943396	3.6661e+06	3.7541e+06	2.7443e+06	2.7843e+06
7	7	0	534	380	80	68	6	289	1	0.00943396	3.6661e+06	3.7541e+06	2.7443e+06	2.7843e+06
7	8	0	529	289	160	71	9	331	1	0.00943396	3.6661e+06	3.7541e+06	2.7443e+06	2.7843e+06
7	9	0	601	331	126	132	12	590	1	0.00943396	3.6661e+06	3.7541e+06	2.7443e+06	2.7843e+06
7	10	0	877	590	148	124	15	582	1	0.00943396	3.6661e+06	3.7541e+06	2.7443e+06	2.7843e+06
7	11	0	965	582	234	126	23	649	1	0.00943396	3.6661e+06	3.7541e+06	2.7443e+06	2.7843e+06
7	12	0	1101	649	239	184	29	879	2	0.0188679	3.6661e+06	3.7581e+06	2.7443e+06	2.8043e+06
7	13	0	1378	879	269	195	35	886	2	0.0188679	3.6661e+06	3.7581e+06	2.7443e+06	2.8043e+06
7	14	0	1519	886	375	212	46	992	1	0.00943396	3.6661e+06	3.7541e+06	2.7443e+06	2.7843e+06
7	15	0	1708	992	366	302	48	1315	2	0.0188679	3.6661e+06	3.7581e+06	2.7443e+06	2.8043e+06
7	16	0	2132	1315	434	323	60	1326	1	0.00943396	3.6661e+06	3.7541e+06	2.7443e+06	2.7843e+06
7	17	0	2327	1326	577	360	64	1470	2	0.0188679	3.6661e+06	3.7541e+06	2.7003e+06	2.7843e+06
7	18	0	2597	1470	583	490	54	1702	2	0.0188679	3.6661e+06	3.7541e+06	2.7003e+06	2.7843e+06
7	19	0	2885	1702	597	501	85	1838	1	0.00943396	3.6661e+06	3.7541e+06	2.7443e+06	2.7843e+06
7	20	0	3189	1838	728	525	98	1945	2	0.0188679	3.6661e+06	3.7541e+06	2.7003e+06	2.7843e+06
7	21	0	3424	1945	767	613	99	2128	2	0.0188679	3.6661e+06	3.7541e+06	2.7003e+06	2.7843e+06
7	22	0	3782	2128	831	706	117	2423	2	0.0188679	3.6661e+06	3.7541e+06	2.7003e+06	2.7843e+06
7	23	0	4130	2423	841	718	148	2463	3	0.0283019	3.6661e+06	3.7581e+06	2.7003e+06	2.8043e+06
7	24	0	4305	2463	937	764	141	2424	4	0.0377358	3.6661e+06	3.7861e+06	2.7003e+06	2.8043e+06
7	25	0	4403	2424	995	825	159	2881	4	0.0377358	3.6661e+06	3.7861e+06	2.7003e+06	2.8043e+06
7	26	0	4865	2881	975	836	173	2902	4	0.0377358	3.6661e+06	3.7861e+06	2.7003e+06	2.8043e+06
7	27	0	5005	2902	1096	815	192	2875	4	0.0377358	3.6661e+06	3.7861e+06	2.7003e+06	2.8043e+06
7	28	0	5093	2875	1162	882	174	3235	4	0.0377358	3.6661e+06	3.7861e+06	2.7003e+06	2.8043e+06
7	29	0	5569	3235	1151	984	199	3386	4	0.0377358	3.6661e+06	3.7861e+06	2.7003e+06	2.8043e+06
7	30	0	5934	3386	1290	1032	226	3869	4	0.0377358	3.6661e+06	3.7861e+06	2.7003e+06	2.8043e+06
7	31	0	6566	3869	1368	1086	243	3982	4	0.0377358	3.6661e+06	3.7861e+06	2.7003e+06	2.8043e+06
7	32	0	6928	3982	1546	1140	260	4250	4	0.0377358	3.6661e+06	3.7861e+06	2.7003e+06	2.8043e+06
7	33	0	7381	4250	1602	1265	264	4586	4	0.0377358	3.6661e+06	3.7861e+06	2.7003e+06	2.8043e+06
7	34	0	7930	4586	1736	1310	298	4635	4	0.0377358	3.6661e+06	3.7861e+06	2.7003e+06	2.8043e+06
7	35	0	8234	4635	1850	1470	279	5151	4	0.0377358	3.6661e+06	3.7861e+06	2.7003e+06	2.8043e+06
7	36	0	8868	5151	1854	1562	301	5207	4	0.0377358	3.6661e+06	3.7861e+06	2.7003e+06	2.8043e+06
7	37	0	9158	5207	2066	1557	328	5221	4	0.0377358	3.6661e+06	3.7861e+06	2.7003e+06	2.8043e+06
7	38	0	9336	5221	2072	1727	316	5505	4	0.0377358	3.6661e+06	3.7861e+06	2.7003e+06	2.8043e+06
7	39	0	9721	5505	2099	1772	345	5742	4	0.0377358	3.6661e+06	3.7861e+06	2.7003e+06	2.8043e+06
7	40	0	10142	5742	2176	1845	379	5904	4	0.0377358	3.6661e+06	3.7861e+06	2.7003e+06	2.8043e+06
7	41	0	10331	5904	2195	1874	358	5750	4	0.0377358	3.6661e+06	3.7861e+06	2.7003e+06	2.8043e+06
7	42	0	10302	5750	2249	1912	391	6182	4	0.0377358	3.6661e+06	3.7861e+06	2.7003e+06	2.8043e+06
7	43	0	10672	6182	2135	1958	397	6188	4	0.0377358	3.6661e+06	3.7861e+06	2.7003e+06	2.8043e+06
7	44	0	10721	6188	2250	1871	412	6104	4	0.0377358	3.6661e+06	3.7861e+06	2.7003e+06	2.8043e+06
7	45	0	10824	6104	2371	1941	408	6018	4	0.0377358	3.6661e+06	3.7861e+06	2.7003e+06	2.8043e+06
7	46	0	10761	6018	2306	1996	441	6134	4	0.0377358	3.6661e+06	3.7861e+06	2.7003e+06	2.8043e+06
7	47	0	10825	6134	2294	1968	429	6268	5	0.0471698	3.6661e+06	3.7861e+06	2.7003e+06	2.8723e+06
7	48	0	10989	6268	2354	1951	416	6025	6	0.0566038	3.6661e+06	3.8501e+06	2.7003e+06	2.8723e+06
7	49	0	10750	6025	2314	2032	379	6348	5	0.0471698	3.6661e+06	3.8501e+06	2.7003e+06	2.8043e+06
7	50	0	11033	6348	2266	2001	418	6105	5	0.0471698	3.6661e+06	3.7861e+06	2.7003e+06	2.8723e+06
7	51	0	10818	6105	2364	1915	434	6112	5	0.0471698	3.6661e+06	3.8501e+06	2.7003e+06	2.8043e+06
7	52	0	10816	6112	2283	1995	426	6407	6	0.0566038	3.6661e+06	3.8501e+06	2.7003e+06	2.8723e+06
7	53	0	11110	6407	2291	1994	418	6242	5	0.0471698	3.6661e+06	3.7861e+06	2.7003e+06	2.8723e+06
7	54	0	11029	6242	2361	1992	434	6228	6	0.0566038	3.6661e+06	3.8501e+06	2.7003e+06	2.8723e+06
7	55	0	10958	6228	2277	2032	421	6240	6	0.0566038	3.6661e+06	3.8501e+06	2.7003e+06	2.8723e+06
7	56	0	11047	6240	2346	2020	441	6124	5	0.0471698	3.6661e+06	3.7861e+06	2.7003e+06	2.8723e+06
7	57	0	10920	6124	2346	2011	439	6409	7	0.0660377	3.6661e+06	3.8501e+06	2.7003e+06	2.8723e+06
7	58	0	11198	6409	2331	2010	448	6327	8	0.0754717	3.6661e+06	3.8501e+06	2.7003e+06	2.8723e+06
7	59	0	11232	6327	2399	2077	429	6433	8	0.0754717	3.6661e+06	3.8501e+06	2.7003e+06	2.8723e+06
7	60	0	11238	6433	2308	2068	429	6329	8	0.0754717	3.6661e+06	3.8501e+06	2.7003e+06	2.8723e+06
7	61	0	11091	6329	2345	1989	428	6118	9	0.0849057	3.6661e+06	3.8501e+06	2.7003e+06	2.8723e+06
7	62	0	10902	6118	2401	1964	419	6117	8	0.0754717	3.6661e+06	3.8501e+06	2.7003e+06	2.8723e+06
7	63	0	10871	6117	2303	2024	427	6421	8	0.0754717	3.6661e+06	3.8501e+06	2.7003e+06	2.8723e+06
7	64	0	11125	6421	2252	1991	461	6316	9	0.0849057	3.6661e+06	3.8501e+06	2.7003e+06	2.8723e+06
7	65	0	11085	6316	2324	1989	456	6340	8	0.0754717	3.6661e+06	3.8501e+06	2.7003e+06	2.8723e+06
7	66	0	11143	6340	2332	2027	444	6528	9	0.0849057	3.6661e+06	3.8501e+06	2.7003e+06	2.8723e+06
7	67	0	11373	6528	2339	2059	447	6542	9	0.0849057	3.6661e+06	3.8501e+06	2.7003e+06	2.8723e+06
7	68	0	11405	6542	2415	2004	444	6581	9	0.0849057	3.6661e+06	3.8501e+06	2.7003e+06	2.8723e+06
7	69	0	11586	6581	2484	2063	458	6361	8	0.0754717	3.6661e+06	3.8501e+06	2.7003e+06	2.8723e+06
7	70	0	11466	6361	2482	2129	494	6968	9	0.0849057	3.6661e+06	3.8501e+06	2.7003e+06	2.8723e+06
7	71	0	11859	6968	2332	2101	458	6733	9	0.0849057	3.6661e+06	3.8501e+06	2.7003e+06	2.8723e+06
7	72	0	11765	6733	2524	2016	492	6609	9	0.0849057	3.6661e+06	3.8501e+06	2.7003e+06	2.8723e+06
7	73	0	11696	6609	2504	2111	472	7090	9	0.0849057	3.6661e+06	3.8501e+06	2.7003e+06	2.8723e+06
7	74	0	12224	7090	2440	2237	457	7051	9	0.0849057	3.6661e+06	3.8501e+06	2.7003e+06	2.8723e+06
7	75	0	12310	7051	2657	2110	492	6781	10	0.0943396	3.6661e+06	3.8501e+06	2.7003e+06	2.8923e+06
7	76	0	12121	6781	2628	2223	489	7078	10	0.0943396	3.6661e+06	3.8501e+06	2.7003e+06	2.8923e+06
7	77	0	12419	7078	2595	2256	490	7278	10	0.0943396	3.6661e+06	3.8501e+06	2.7003e+06	2.8923e+06
7	78	0	12537	7278	2571	2200	488	7142	10	0.0943396	3.6661e+06	3.8501e+06	2.7003e+06	2.8923e+06
7	79	0	12558	7142	2744	2183	489	7076	10	0.0943396	3.6661e+06	3.8501e+06	2.7003e+06	2.8923e+06
7	80	0	12545	7076	2687	2301	481	7516	10	0.0943396	3.6661e+06	3.8501e+06	2.7003e+06	2.8923e+06
7	81	0	13032	7516	2679	2365	472	7588	10	0.0943396	3.6661e+06	3.8501e+06	2.7003e+06	2.8923e+06
7	82	0	13280	7588	2880	2306	506	7560	10	0.0943396	3.6661e+06	3.8501e+06	2.7003e+06	2.8923e+06
7	83	0	13305	7560	2801	2460	484	7908	10	0.0943396	3.6661e+06	3.8501e+06	2.7003e+06	2.8923e+06
7	84	0	13672	7908	2835	2409	520	7825	10	0.0943396	3.6661e+06	3.8501e+06	2.7003e+06	2.8923e+06
7	85	0	13835	7825	2966	2459	585	8107	11	0.103774	3.6661e+06	3.8501e+06	2.6683e+06	2.8923e+06
7	86	0	14140	8107	2917	2576	540	8106	11	0.103774	3.6661e+06	3.8501e+06	2.6683e+06	2.8923e+06
7	87	0	14327	8106	3059	2592	570	8277	12	0.113208	3.6661e+06	3.8621e+06	2.6683e+06	2.8923e+06
7	88	0	14406	8277	3037	2534	558	8251	12	0.113208	3.6661e+06	3.8621e+06	2.6683e+06	2.8923e+06
7	89	0	14570	8251	3166	2614	539	8475	12	0.113208	3.6661e+06	3.8621e+06	2.6683e+06	2.8923e+06
7	90	0	14832	8475	3093	2730	534	8406	12	0.113208	3.6661e+06	3.8621e+06	2.6683e+06	2.8923e+06
7	91	0	14706	8406	3117	2576	607	8374	13	0.122642	3.6661e+06	3.8621e+06	2.6683e+06	2.8923e+06
7	92	0	14899	8374	3245	2647	633	8748	13	0.122642	3.6661e+06	3.8901e+06	2.6683e+06	2.8923e+06
7	93	0	15243	8748	3136	2795	564	8703	14	0.132075	3.6661e+06	3.8901e+06	2.6683e+06	2.8923e+06
7	94	0	15368	8703	3303	2757	605	8664	14	0.132075	3.6661e+06	3.9981e+06	2.6683e+06	2.8923e+06
7	95	0	15367	8664	3280	2807	616	8921	16	0.150943	3.6661e+06	3.9981e+06	2.6683e+06	2.8923e+06
7	96	0	15620	8921	3328	2783	588	8912	15	0.141509	3.6661e+06	3.8941e+06	2.6683e+06	2.8923e+06
7	97	0	15761	8912	3356	2917	576	9070	16	0.150943	3.6661e+06	3.9981e+06	2.6683e+06	2.8923e+06
7	98	0	15939	9070	3329	2903	637	9261	17	0.160377	3.6661e+06	3.9981e+06	2.6683e+06	2.8923e+06
7	99	0	16162	9261	3367	2906	628	9345	18	0.169811	3.6661e+06	3.9981e+06	2.6683e+06	2.9283e+06
7	100	0	16418	9345	3491	2951	631	0	16	0.150943	3.6661e+06	3.9981e+06	2.6683e+06	2.8923e+06
8	0	0	40	0	0	20	20	207	1	0.00943396	3.6661e+06	3.7541e+06	2.7443e+06	2.7843e+06
8	1	0	225	207	0	8	10	95	1	0.00943396	3.6661e+06	3.7541e+06	2.7443e+06	2.7843e+06
8	2	0	169	95	66	3	5	40	1	0.00943396	3.6661e+06	3.7541e+06	2.7443e+06	2.7843e+06
8	3	0	130	40	41	48	1	216	1	0.00943396	3.6661e+06	3.7541e+06	2.7443e+06	2.7843e+06
8	4	0	270	216	15	37	2	176	1	0.00943396	3.6661e+06	3.7541e+06	2.7443e+06	2.7843e+06
8	5	0	287	176	82	22	7	153	1	0.00943396	3.6661e+06	3.7541e+06	2.7443e+06	2.7843e+06
8	6	0	295	153	75	62	5	280	1	0.00943396	3.6661e+06	3.7541e+06	2.7443e+06	2.7843e+06
8	7	0	412	280	56	63	13	353	1	0.00943396	3.6661e+06	3.7541e+06	2.7443e+06	2.7843e+06
8	8	0	541	353	124	51	13	272	1	0.00943396	3.6661e+06	3.7541e+06	2.7443e+06	2.7843e+06
8	9	0	524	272	143	101	8	455	1	0.00943396	3.6661e+06	3.7541e+06	2.7443e+06	2.7843e+06
8	10	0	711	455	116	120	20	570	1	0.00943396	3.6661e+06	3.7541e+06	2.7443e+06	2.7843e+06
8	11	0	868	570	166	106	26	579	1	0.00943396	3.6661e+06	3.7541e+06	2.7443e+06	2.7843e+06
8	12	0	972	579	236	139	18	642	1	0.00943396	3.6661e+06	3.7541e+06	2.7443e+06	2.7843e+06
8	13	0	1115	642	242	199	32	970	1	0.00943396	3.6661e+06	3.7541e+06	2.7443e+06	2.7843e+06
8	14	0	1460	970	244	206	40	951	1	0.00943396	3.6661e+06	3.7541e+06	2.7443e+06	2.7843e+06
8	15	0	1621	951	399	229	42	971	1	0.00943396	3.6661e+06	3.7541e+06	2.7443e+06	2.7843e+06
8	16	0	1753	971	412	317	53	1425	1	0.00943396	3.6661e+06	3.7541e+06	2.7443e+06	2.7843e+06
8	17	0	2258	1425	437	338	58	1322	1	0.00943396	3.6661e+06	3.7541e+06	2.7443e+06	2.7843e+06
8	18	0	2366	1322	599	380	65	1550	1	0.00943396	3.6661e+06	3.7541e+06	2.7443e+06	2.7843e+06
8	19	0	2673	1550	541	510	72	1896	1	0.00943396	3.6661e+06	3.7541e+06	2.7443e+06	2.7843e+06
8	20	0	3137	1896	678	472	91	1753	2	0.0188679	3.6661e+06	3.7541e+06	2.7003e+06	2.7843e+06
8	21	0	3204	1753	794	549	108	1999	2	0.0188679	3.6661e+06	3.7541e+06	2.7003e+06	2.7843e+06
8	22	0	3495	1999	755	627	114	2215	2	0.0188679	3.6661e+06	3.7541e+06	2.7003e+06	2.7843e+06
8	23	0	3820	2215	842	641	122	2210	3	0.0283019	3.6661e+06	3.7861e+06	2.7003e+06	2.7843e+06
8	24	0	4011	2210	958	712	131	2423	3	0.0283019	3.6661e+06	3.7861e+06	2.7003e+06	2.7843e+06
8	25	0	4276	2423	908	794	151	2665	4	0.0377358	3.6661e+06	3.7861e+06	2.7003e+06	2.8043e+06
8	26	0	4589	2665	979	786	159	2617	4	0.0377358	3.6661e+06	3.7861e+06	2.7003e+06	2.8043e+06
8	27	0	4700	2617	1086	830	167	2925	4	0.0377358	3.6661e+06	3.7861e+06	2.7003e+06	2.8043e+06
8	28	0	5060	2925	1052	905	178	3224	4	0.0377358	3.6661e+06	3.7861e+06	2.7003e+06	2.8043e+06
8	29	0	5416	3224	1130	886	176	3162	4	0.0377358	3.6661e+06	3.7861e+06	2.7003e+06	2.8043e+06
8	30	0	5660	3162	1295	1016	187	3549	4	0.0377358	3.6661e+06	3.7861e+06	2.7003e+06	2.8043e+06
8	31	0	6096	3549	1255	1079	213	3940	4	0.0377358	3.6661e+06	3.7861e+06	2.7003e+06	2.8043e+06
8	32	0	6671	3940	1445	1049	237	3691	4	0.0377358	3.6661e+06	3.7861e+06	2.7003e+06	2.8043e+06
8	33	0	6715	3691	1585	1221	218	4348	4	0.0377358	3.6661e+06	3.7861e+06	2.7003e+06	2.8043e+06
8	34	0	7409	4348	1497	1339	225	4518	4	0.0377358	3.6661e+06	3.7861e+06	2.7003e+06	2.8043e+06
8	35	0	7851	4518	1750	1318	265	4655	4	0.0377358	3.6661e+06	3.7861e+06	2.7003e+06	2.8043e+06
8	36	0	8248	4655	1874	1442	277	4842	4	0.0377358	3.6661e+06	3.7861e+06	2.7003e+06	2.8043e+06
8	37	0	8743	4842	2022	1562	317	5296	4	0.0377358	3.6661e+06	3.7861e+06	2.7003e+06	2.8043e+06
8	38	0	9307	5296	1945	1733	333	5614	4	0.0377358	3.6661e+06	3.7861e+06	2.7003e+06	2.8043e+06
8	39	0	9699	5614	2021	1688	376	5489	4	0.0377358	3.6661e+06	3.7861e+06	2.7003e+06	2.8043e+06
8	40	0	9850	5489	2197	1806	358	5816	4	0.0377358	3.6661e+06	3.7861e+06	2.7003e+06	2.8043e+06
8	41	0	10197	5816	2127	1897	357	6014	4	0.0377358	3.6661e+06	3.7861e+06	2.7003e+06	2.8043e+06
8	42	0	10440	6014	2204	1818	404	5662	4	0.0377358	3.6661e+06	3.7861e+06	2.7003e+06	2.8043e+06
8	43	0	10272	5662	2323	1909	378	6114	4	0.0377358	3.6661e+06	3.7861e+06	2.7003e+06	2.8043e+06
8	44	0	10632	6114	2171	1960	387	6231	5	0.0471698	3.6661e+06	3.8221e+06	2.7003e+06	2.8043e+06
8	45	0	10908	6231	2325	1928	424	6090	4	0.0377358	3.6661e+06	3.7861e+06	2.7003e+06	2.8043e+06
8	46	0	10783	6090	2286	1988	419	6248	4	0.0377358	3.6661e+06	3.7861e+06	2.7003e+06	2.8043e+06
8	47	0	10990	6248	2339	1952	451	6263	6	0.0566038	3.6661e+06	3.8221e+06	2.7003e+06	2.8523e+06
8	48	0	10989	6263	2286	2036	404	6259	4	0.0377358	3.6661e+06	3.7861e+06	2.7003e+06	2.8043e+06
8	49	0	10945	6259	2318	1945	423	6135	5	0.0471698	3.6661e+06	3.8501e+06	2.7003e+06	2.8043e+06
8	50	0	10948	6135	2445	1944	424	6107	8	0.0754717	3.6661e+06	3.8501e+06	2.7003e+06	2.8523e+06
8	51	0	10900	6107	2327	2047	419	6238	8	0.0754717	3.6661e+06	3.8501e+06	2.7003e+06	2.8523e+06
8	52	0	10991	6238	2395	1971	387	6139	7	0.0660377	3.6661e+06	3.8501e+06	2.7003e+06	2.8363e+06
8	53	0	10957	6139	2308	2076	434	6622	8	0.0754717	3.6661e+06	3.8501e+06	2.7003e+06	2.8523e+06
8	54	0	11303	6622	2224	2029	428	6348	8	0.0754717	3.6661e+06	3.8501e+06	2.7003e+06	2.8523e+06
8	55	0	11187	6348	2456	1951	432	6196	7	0.0660377	3.6661e+06	3.8501e+06	2.7003e+06	2.8363e+06
8	56	0	11048	6196	2364	2082	406	6521	8	0.0754717	3.6661e+06	3.8501e+06	2.7003e+06	2.8523e+06
8	57	0	11260	6521	2292	2039	408	6376	7	0.0660377	3.6661e+06	3.8501e+06	2.7003e+06	2.8363e+06
8	58	0	11230	6376	2443	1984	427	6266	8	0.0754717	3.6661e+06	3.8501e+06	2.7003e+06	2.8523e+06
8	59	0	11156	6266	2339	2113	438	6721	8	0.0754717	3.6661e+06	3.8501e+06	2.7003e+06	2.8523e+06
8	60	0	11585	6721	2381	2019	464	6469	8	0.0754717	3.6661e+06	3.8501e+06	2.7003e+06	2.8523e+06
8	61	0	11459	6469	2462	2074	454	6632	8	0.0754717	3.6661e+06	3.8501e+06	2.7003e+06	2.8523e+06
8	62	0	11720	6632	2423	2172	493	6807	8	0.0754717	3.6661e+06	3.8501e+06	2.7003e+06	2.8523e+06
8	63	0	11911	6807	2485	2121	498	6745	8	0.0754717	3.6661e+06	3.8501e+06	2.7003e+06	2.8523e+06
8	64	0	11828	6745	2517	2088	478	6822	8	0.0754717	3.6661e+06	3.8501e+06	2.7003e+06	2.8523e+06
8	65	0	11925	6822	2486	2169	448	6812	8	0.0754717	3.6661e+06	3.8501e+06	2.7003e+06	2.8523e+06
8	66	0	12085	6812	2599	2199	475	7028	8	0.0754717	3.6661e+06	3.8501e+06	2.7003e+06	2.8523e+06
8	67	0	12363	7028	2569	2274	492	7140	8	0.0754717	3.6661e+06	3.8501e+06	2.7003e+06	2.8523e+06
8	68	0	12453	7140	2549	2291	473	7395	9	0.0849057	3.6661e+06	3.8501e+06	2.6683e+06	2.8523e+06
8	69	0	12750	7395	2643	2205	507	7004	9	0.0849057	3.6661e+06	3.8501e+06	2.6683e+06	2.8523e+06
8	70	0	12462	7004	2708	2265	485	7295	9	0.0849057	3.6661e+06	3.8501e+06	2.6683e+06	2.8523e+06
8	71	0	12705	7295	2607	2315	488	7439	10	0.0943396	3.6661e+06	3.9981e+06	2.6683e+06	2.8523e+06
8	72	0	12970	7439	2761	2264	506	7263	11	0.103774	3.6661e+06	3.9981e+06	2.6683e+06	2.8523e+06
8	73	0	12958	7263	2827	2369	499	7619	13	0.122642	3.6661e+06	3.9981e+06	2.6603e+06	2.8523e+06
8	74	0	13314	7619	2750	2459	486	7541	10	0.0943396	3.6661e+06	3.8901e+06	2.6603e+06	2.8523e+06
8	75	0	13268	7541	2820	2412	495	7749	13	0.122642	3.6661e+06	3.8941e+06	2.6603e+06	2.8723e+06
8	76	0	13582	7749	2862	2458	513	7894	14	0.132075	3.6661e+06	3.9981e+06	2.6603e+06	2.8523e+06
8	77	0	13840	7894	2880	2527	539	8145	10	0.0943396	3.6661e+06	3.8621e+06	2.6683e+06	2.8523e+06
8	78	0	14118	8145	2964	2455	554	7804	12	0.113208	3.6661e+06	3.8941e+06	2.6603e+06	2.8523e+06
8	79	0	13938	7804	3072	2514	548	8041	14	0.132075	3.6661e+06	3.9981e+06	2.6603e+06	2.8523e+06
8	80	0	14190	8041	2986	2602	561	8284	15	0.141509	3.6661e+06	3.9981e+06	2.6603e+06	2.8523e+06
8	81	0	14426	8284	3054	2534	554	7900	16	0.150943	3.6661e+06	3.9981e+06	2.6603e+06	2.8843e+06
8	82	0	14134	7900	3128	2566	540	8409	16	0.150943	3.6661e+06	3.9981e+06	2.6603e+06	2.8843e+06
8	83	0	14781	8409	3108	2711	553	8619	14	0.132075	3.6661e+06	3.9981e+06	2.6603e+06	2.8523e+06
8	84	0	15281	8619	3275	2782	605	8850	14	0.132075	3.6661e+06	3.9981e+06	2.6603e+06	2.8843e+06
8	85	0	15491	8850	3211	2810	620	9082	15	0.141509	3.6661e+06	3.9981e+06	2.6603e+06	2.8843e+06
8	86	0	15753	9082	3313	2763	595	8649	16	0.150943	3.6661e+06	3.9981e+06	2.6603e+06	2.8843e+06
8	87	0	15513	8649	3417	2857	590	8974	16	0.150943	3.6661e+06	3.9981e+06	2.6603e+06	2.8843e+06
8	88	0	15735	8974	3231	2906	624	9239	16	0.150943	3.6661e+06	3.9981e+06	2.6603e+06	2.8843e+06
8	89	0	15911	9239	3254	2792	626	8907	17	0.160377	3.6661e+06	3.9981e+06	2.6603e+06	2.8843e+06
8	90	0	15726	8907	3386	2839	594	9078	16	0.150943	3.6661e+06	3.9981e+06	2.6603e+06	2.8843e+06
8	91	0	16019	9078	3392	2904	645	9406	16	0.150943	3.6661e+06	3.9981e+06	2.6603e+06	2.8843e+06
8	92	0	16329	9406	3349	2934	640	9395	17	0.160377	3.6661e+06	3.9981e+06	2.6603e+06	2.8843e+06
8	93	0	16477	9395	3504	2930	648	9580	17	0.160377	3.6661e+06	3.9981e+06	2.6603e+06	2.8843e+06
8	94	0	16762	9580	3524	2998	660	9873	17	0.160377	3.6661e+06	3.9981e+06	2.6603e+06	2.8843e+06
8	95	0	17234	9873	3654	3078	629	9790	17	0.160377	3.6661e+06	3.9981e+06	2.6603e+06	2.8843e+06
8	96	0	17263	9790	3669	3118	686	10266	17	0.160377	3.6661e+06	3.9981e+06	2.6603e+06	2.8843e+06
8	97	0	17813	10266	3678	3199	670	10184	17	0.160377	3.6661e+06	3.9981e+06	2.6603e+06	2.8843e+06
8	98	0	17962	10184	3908	3157	713	10460	17	0.160377	3.6661e+06	3.9981e+06	2.6603e+06	2.8843e+06
8	99	0	18211	10460	3790	3277	684	10880	19	0.179245	3.6661e+06	3.9981e+06	2.6603e+06	2.8923e+06
8	100	0	18794	10880	3951	3257	706	0	17	0.160377	3.6661e+06	3.9981e+06	2.6603e+06	2.8843e+06
9	0	0	40	0	0	20	20	201	1	0.00943396	3.6661e+06	3.7541e+06	2.7443e+06	2.7843e+06
9	1	0	216	201	0	5	10	74	1	0.00943396	3.6661e+06	3.7541e+06	2.7443e+06	2.7843e+06
9	2	0	162	74	83	0	5	23	1	0.00943396	3.6661e+06	3.7541e+06	2.7443e+06	2.7843e+06
9	3	0	100	23	30	46	1	240	1	0.00943396	3.6661e+06	3.7541e+06	2.7443e+06	2.7843e+06
9	4	0	289	240	15	29	5	150	1	0.00943396	3.6661e+06	3.7541e+06	2.7443e+06	2.7843e+06
9	5	0	273	150	100	17	6	96	1	0.00943396	3.6661e+06	3.7541e+06	2.7443e+06	2.7843e+06
9	6	0	244	96	68	76	4	342	1	0.00943396	3.6661e+06	3.7541e+06	2.7443e+06	2.7843e+06
9	7	0	450	342	36	62	10	343	1	0.00943396	3.6661e+06	3.7541e+06	2.7443e+06	2.7843e+06
9	8	0	526	343	130	38	15	224	1	0.00943396	3.6661e+06	3.7541e+06	2.7443e+06	2.7843e+06
9	9	0	467	224	147	83	13	421	1	0.00943396	3.6661e+06	3.7541e+06	2.7443e+06	2.7843e+06
9	10	0	669	421	102	124	22	604	1	0.00943396	3.6661e+06	3.7541e+06	2.7443e+06	2.7843e+06
9	11	0	892	604	161	106	21	505	1	0.00943396	3.6661e+06	3.7541e+06	2.7443e+06	2.7843e+06
9	12	0	922	505	268	130	19	579	1	0.00943396	3.6661e+06	3.7541e+06	2.7443e+06	2.7843e+06
9	13	0	1014	579	205	204	26	970	1	0.00943396	3.6661e+06	3.7541e+06	2.7443e+06	2.7843e+06
9	14	0	1461	970	258	187	46	896	1	0.00943396	3.6661e+06	3.7541e+06	2.7443e+06	2.7843e+06
9	15	0	1550	896	401	214	39	962	1	0.00943396	3.6661e+06	3.7541e+06	2.7443e+06	2.7843e+06
9	16	0	1720	962	402	318	38	1319	1	0.00943396	3.6661e+06	3.7541e+06	2.7443e+06	2.7843e+06
9	17	0	2110	1319	386	349	56	1414	1	0.00943396	3.6661e+06	3.7541e+06	2.7443e+06	2.7843e+06
9	18	0	2364	1414	555	323	72	1357	1	0.00943396	3.6661e+06	3.7541e+06	2.7443e+06	2.7843e+06
9	19	0	2498	1357	627	436	78	1721	3	0.0283019	3.6661e+06	3.7581e+06	2.7003e+06	2.8043e+06
9	20	0	2915	1721	572	531	91	1929	3	0.0283019	3.6661e+06	3.7581e+06	2.7003e+06	2.8043e+06
9	21	0	3253	1929	712	519	93	1931	3	0.0283019	3.6661e+06	3.7581e+06	2.7003e+06	2.8043e+06
9	22	0	3471	1931	830	602	108	1994	2	0.0188679	3.6661e+06	3.7541e+06	2.7003e+06	2.7843e+06
9	23	0	3650	1994	840	705	111	2351	4	0.0377358	3.6661e+06	3.7861e+06	2.7003e+06	2.8043e+06
9	24	0	4012	2351	805	706	150	2484	4	0.0377358	3.6661e+06	3.7861e+06	2.7003e+06	2.8043e+06
9	25	0	4336	2484	981	694	177	2512	4	0.0377358	3.6661e+06	3.7861e+06	2.7003e+06	2.8043e+06
9	26	0	4558	2512	1032	845	169	2853	4	0.0377358	3.6661e+06	3.7861e+06	2.7003e+06	2.8043e+06
9	27	0	4886	2853	985	880	168	2999	4	0.0377358	3.6661e+06	3.7861e+06	2.7003e+06	2.8043e+06
9	28	0	5168	2999	1159	841	169	2887	4	0.0377358	3.6661e+06	3.7861e+06	2.7003e+06	2.8043e+06
9	29	0	5277	2887	1242	967	181	3420	4	0.0377358	3.6661e+06	3.7861e+06	2.7003e+06	2.8043e+06
9	30	0	5824	3420	1161	1048	195	3620	4	0.0377358	3.6661e+06	3.7861e+06	2.7003e+06	2.8043e+06
9	31	0	6225	3620	1348	1035	222	3845	4	0.0377358	3.6661e+06	3.7861e+06	2.7003e+06	2.8043e+06
9	32	0	6739	3845	1523	1128	243	4084	4	0.0377358	3.6661e+06	3.7861e+06	2.7003e+06	2.8043e+06
9	33	0	7159	4084	1573	1257	245	4555	4	0.0377358	3.6661e+06	3.7861e+06	2.7003e+06	2.8043e+06
9	34	0	7773	4555	1678	1296	244	4587	4	0.0377358	3.6661e+06	3.7861e+06	2.7003e+06	2.8043e+06
9	35	0	8160	4587	1895	1389	289	5060	4	0.0377358	3.6661e+06	3.7861e+06	2.7003e+06	2.8043e+06
9	36	0	8765	5060	1860	1556	289	5165	4	0.0377358	3.6661e+06	3.7861e+06	2.7003e+06	2.8043e+06
9	37	0	9166	5165	2032	1635	334	5497	4	0.0377358	3.6661e+06	3.7861e+06	2.7003e+06	2.8043e+06
9	38	0	9672	5497	2110	1716	349	5712	4	0.0377358	3.6661e+06	3.7861e+06	2.7003e+06	2.8043e+06
9	39	0	10054	5712	2183	1790	369	5944	4	0.0377358	3.6661e+06	3.7861e+06	2.7003e+06	2.8043e+06
9	40	0	10399	5944	2209	1863	383	5871	4	0.0377358	3.6661e+06	3.7861e+06	2.7003e+06	2.8043e+06
9	41	0	10551	5871	2324	1910	446	6018	4	0.0377358	3.6661e+06	3.7861e+06	2.7003e+06	2.8043e+06
9	42	0	10764	6018	2294	2005	447	6337	4	0.0377358	3.6661e+06	3.7861e+06	2.7003e+06	2.8043e+06
9	43	0	11108	6337	2321	2009	441	6243	5	0.0471698	3.6661e+06	3.8221e+06	2.6683e+06	2.8043e+06
9	44	0	11094	6243	2394	1996	461	6342	4	0.0377358	3.6661e+06	3.7861e+06	2.7003e+06	2.8043e+06
9	45	0	11073	6342	2207	2064	460	6416	5	0.0471698	3.6661e+06	3.8221e+06	2.7003e+06	2.8043e+06
9	46	0	11102	6416	2292	1931	463	6343	6	0.0566038	3.6661e+06	3.8221e+06	2.7003e+06	2.8363e+06
9	47	0	11079	6343	2349	1969	418	6129	5	0.0471698	3.6661e+06	3.7901e+06	2.7003e+06	2.8363e+06
9	48	0	10985	6129	2428	2015	413	6137	5	0.0471698	3.6661e+06	3.8221e+06	2.7003e+06	2.8043e+06
9	49	0	10918	6137	2269	2071	441	6358	7	0.0660377	3.6661e+06	3.8501e+06	2.7003e+06	2.8363e+06
9	50	0	11069	6358	2314	1969	428	6069	6	0.0566038	3.6661e+06	3.8221e+06	2.7003e+06	2.8363e+06
9	51	0	10900	6069	2424	2002	405	6284	7	0.0660377	3.6661e+06	3.8221e+06	2.7003e+06	2.8523e+06
9	52	0	11053	6284	2318	2054	397	6302	9	0.0849057	3.6661e+06	3.8501e+06	2.6683e+06	2.8523e+06
9	53	0	11123	6302	2366	2024	431	6276	9	0.0849057	3.6661e+06	3.8501e+06	2.6683e+06	2.8523e+06
9	54	0	11179	6276	2414	2049	440	6243	7	0.0660377	3.6661e+06	3.8221e+06	2.7003e+06	2.8523e+06
9	55	0	11141	6243	2347	2108	443	6446	9	0.0849057	3.6661e+06	3.8501e+06	2.6683e+06	2.8523e+06
9	56	0	11357	6446	2318	2124	469	6635	9	0.0849057	3.6661e+06	3.8501e+06	2.6683e+06	2.8523e+06
9	57	0	11423	6635	2304	2019	465	6335	8	0.0754717	3.6661e+06	3.8501e+06	2.7003e+06	2.8523e+06
9	58	0	11272	6335	2421	2037	479	6632	9	0.0849057	3.6661e+06	3.8501e+06	2.6683e+06	2.8523e+06
9	59	0	11483	6632	2404	1991	456	6418	9	0.0849057	3.6661e+06	3.8501e+06	2.6683e+06	2.8523e+06
9	60	0	11437	6418	2519	2085	415	6391	8	0.0754717	3.6661e+06	3.8501e+06	2.7003e+06	2.8523e+06
9	61	0	11316	6391	2351	2151	423	6726	9	0.0849057	3.6661e+06	3.8501e+06	2.6683e+06	2.8523e+06
9	62	0	11660	6726	2393	2084	457	6602	9	0.0849057	3.6661e+06	3.8501e+06	2.6683e+06	2.8523e+06
9	63	0	11639	6602	2509	2077	451	6664	9	0.0849057	3.6661e+06	3.8501e+06	2.6683e+06	2.8523e+06
9	64	0	11823	6664	2527	2197	435	6838	9	0.0849057	3.6661e+06	3.8501e+06	2.6683e+06	2.8523e+06
9	65	0	11869	6838	2456	2113	462	6730	9	0.0849057	3.6661e+06	3.8501e+06	2.6683e+06	2.8523e+06
9	66	0	11925	6730	2648	2141	406	6549	9	0.0849057	3.6661e+06	3.8501e+06	2.6683e+06	2.8523e+06
9	67	0	11830	6549	2591	2272	418	7119	9	0.0849057	3.6661e+06	3.8501e+06	2.6683e+06	2.8523e+06
9	68	0	12282	7119	2450	2224	489	7179	9	0.0849057	3.6661e+06	3.8501e+06	2.6683e+06	2.8523e+06
9	69	0	12449	7179	2656	2139	475	7048	9	0.0849057	3.6661e+06	3.8501e+06	2.6683e+06	2.8523e+06
9	70	0	12472	7048	2688	2250	486	7245	9	0.0849057	3.6661e+06	3.8501e+06	2.6683e+06	2.8523e+06
9	71	0	12640	7245	2637	2288	470	7422	9	0.0849057	3.6661e+06	3.8501e+06	2.6683e+06	2.8523e+06
9	72	0	12942	7422	2732	2309	479	7264	9	0.0849057	3.6661e+06	3.8501e+06	2.6683e+06	2.8523e+06
9	73	0	12982	7264	2865	2368	485	7544	9	0.0849057	3.6661e+06	3.8501e+06	2.6683e+06	2.8523e+06
9	74	0	13395	7544	2876	2484	491	7671	10	0.0943396	3.6661e+06	3.8741e+06	2.6683e+06	2.8523e+06
9	75	0	13506	7671	2807	2480	548	8071	10	0.0943396	3.6661e+06	3.8621e+06	2.6683e+06	2.8523e+06
9	76	0	13944	8071	2866	2470	537	8002	10	0.0943396	3.6661e+06	3.8621e+06	2.6683e+06	2.8523e+06
9	77	0	14087	8002	3061	2501	523	7756	10	0.0943396	3.6661e+06	3.8741e+06	2.6683e+06	2.8523e+06
9	78	0	13969	7756	3078	2603	532	8155	12	0.113208	3.6661e+06	3.8941e+06	2.6683e+06	2.8523e+06
9	79	0	14176	8155	2844	2623	554	8371	12	0.113208	3.6661e+06	3.8741e+06	2.6683e+06	2.8843e+06
9	80	0	14430	8371	3022	2468	569	7889	13	0.122642	3.6661e+06	3.8941e+06	2.6683e+06	2.8843e+06
9	81	0	14179	7889	3201	2539	550	8264	12	0.113208	3.6661e+06	3.8741e+06	2.6683e+06	2.8843e+06
9	82	0	14650	8264	3085	2751	550	8573	12	0.113208	3.6661e+06	3.8741e+06	2.6683e+06	2.8843e+06
9	83	0	15030	8573	3158	2733	566	8739	13	0.122642	3.6661e+06	3.8941e+06	2.6683e+06	2.8843e+06
9	84	0	15262	8739	3151	2754	618	8730	14	0.132075	3.6661e+06	3.8941e+06	2.6683e+06	2.8843e+06
9	85	0	15269	8730	3193	2731	615	8761	12	0.113208	3.6661e+06	3.8741e+06	2.6683e+06	2.8843e+06
9	86	0	15332	8761	3230	2763	578	8678	16	0.150943	3.6661e+06	3.9981e+06	2.6683e+06	2.8843e+06
9	87	0	15313	8678	3293	2756	586	8796	16	0.150943	3.6661e+06	3.9981e+06	2.6683e+06	2.8843e+06
9	88	0	15463	8796	3215	2861	591	8977	14	0.132075	3.6661e+06	3.8941e+06	2.6683e+06	2.8843e+06
9	89	0	15660	8977	3239	2815	629	9025	17	0.160377	3.5661e+06	3.9981e+06	2.6683e+06	2.8843e+06
9	90	0	15741	9025	3309	2783	624	8908	17	0.160377	3.5661e+06	3.9981e+06	2.6683e+06	2.8843e+06
9	91	0	15660	8908	3369	2783	600	8876	16	0.150943	3.6661e+06	3.8941e+06	2.6603e+06	2.8843e+06
9	92	0	15630	8876	3295	2875	584	9009	17	0.160377	3.5661e+06	3.9981e+06	2.6603e+06	2.8843e+06
9	93	0	15793	9009	3321	2844	619	9199	18	0.169811	3.5661e+06	3.9981e+06	2.6603e+06	2.8843e+06
9	94	0	16013	9199	3352	2838	624	8955	18	0.169811	3.5661e+06	3.9981e+06	2.6603e+06	2.8843e+06
9	95	0	15937	8955	3463	2918	601	9079	18	0.169811	3.5661e+06	3.9981e+06	2.6603e+06	2.8843e+06
9	96	0	16112	9079	3387	3006	640	9912	18	0.169811	3.5661e+06	3.9981e+06	2.6603e+06	2.8843e+06
9	97	0	16840	9912	3355	2914	659	9184	18	0.169811	3.5661e+06	3.9981e+06	2.6603e+06	2.8843e+06
9	98	0	16401	9184	3661	2890	666	9468	19	0.179245	3.5661e+06	3.9981e+06	2.6603e+06	2.8843e+06
9	99	0	16728	9468	3537	3115	608	9700	20	0.188679	3.5661e+06	3.9981e+06	2.6603e+06	2.9283e+06
9	100	0	16948	9700	3477	3119	652	0	19	0.179245	3.5661e+06	3.9981e+06	2.6603e+06	2.8843e+06
