Rep	Year	RepSeason	NInds	NInd_stage1	NInd_stage2	NInd_stage3	NInd_stage4	NJuvs	NOccupPatches	Occup/Suit	min_X	max_X	min_Y	max_Y
0	0	0	40	0	0	20	20	218	1	0.00943396	3.6661e+06	3.7541e+06	2.7443e+06	2.7843e+06
0	1	0	231	218	0	4	9	68	1	0.00943396	3.6661e+06	3.7541e+06	2.7443e+06	2.7843e+06
0	2	0	160	68	91	0	1	4	1	0.00943396	3.6661e+06	3.7541e+06	2.7443e+06	2.7843e+06
0	3	0	110	4	41	65	0	281	1	0.00943396	3.6661e+06	3.7541e+06	2.7443e+06	2.7843e+06
0	4	0	336	281	2	40	13	244	1	0.00943396	3.6661e+06	3.7541e+06	2.7443e+06	2.7843e+06
0	5	0	370	244	111	5	10	78	1	0.00943396	3.6661e+06	3.7541e+06	2.7443e+06	2.7843e+06
0	6	0	254	78	106	65	5	280	1	0.00943396	3.6661e+06	3.7541e+06	2.7443e+06	2.7843e+06
0	7	0	410	280	34	88	8	413	1	0.00943396	3.6661e+06	3.7541e+06	2.7443e+06	2.7843e+06
0	8	0	582	413	114	39	16	270	1	0.00943396	3.6661e+06	3.7541e+06	2.7443e+06	2.7843e+06
0	9	0	524	270	160	82	12	372	1	0.00943396	3.6661e+06	3.7541e+06	2.7443e+06	2.7843e+06
0	10	0	630	372	123	123	12	534	1	0.00943396	3.6661e+06	3.7541e+06	2.7443e+06	2.7843e+06
0	11	0	810	534	155	92	29	547	1	0.00943396	3.6661e+06	3.7541e+06	2.7443e+06	2.7843e+06
0	12	0	940	547	240	124	29	659	1	0.00943396	3.6661e+06	3.7541e+06	2.7443e+06	2.7843e+06
0	13	0	1115	659	241	186	29	864	1	0.00943396	3.6661e+06	3.7541e+06	2.7443e+06	2.7843e+06
0	14	0	1345	864	276	178	27	758	1	0.00943396	3.6661e+06	3.7541e+06	2.7443e+06	2.7843e+06
0	15	0	1385	758	358	225	44	1059	1	0.00943396	3.6661e+06	3.7541e+06	2.7443e+06	2.7843e+06
0	16	0	1746	1059	350	294	43	1214	1	0.00943396	3.6661e+06	3.7541e+06	2.7443e+06	2.7843e+06
0	17	0	2010	1214	446	296	54	1246	1	0.00943396	3.6661e+06	3.7541e+06	2.7443e+06	2.7843e+06
0	18	0	2187	1246	525	360	56	1446	2	0.0188679	3.6661e+06	3.7541e+06	2.7003e+06	2.7843e+06
0	19	0	2460	1446	533	416	65	1664	1	0.00943396	3.6661e+06	3.7541e+06	2.7443e+06	2.7843e+06
0	20	0	2804	1664	627	429	84	1674	2	0.0188679	3.6661e+06	3.7541e+06	2.7003e+06	2.7843e+06
0	21	0	2939	1674	681	478	106	1862	2	0.0188679	3.6661e+06	3.7541e+06	2.7003e+06	2.7843e+06
0	22	0	3183	1862	673	563	85	2008	2	0.0188679	3.6661e+06	3.7541e+06	2.7003e+06	2.7843e+06
0	23	0	3497	2008	820	548	121	2048	3	0.0283019	3.6661e+06	3.7581e+06	2.7003e+06	2.8043e+06
0	24	0	3644	2048	843	635	118	2246	4	0.0377358	3.6661e+06	3.7861e+06	2.7003e+06	2.8043e+06
0	25	0	3896	2246	853	662	135	2325	4	0.0377358	3.6661e+06	3.7861e+06	2.7003e+06	2.8043e+06
0	26	0	4100	2325	893	721	161	2487	4	0.0377358	3.6661e+06	3.7861e+06	2.7003e+06	2.8043e+06
0	27	0	4289	2487	925	722	155	2571	4	0.0377358	3.6661e+06	3.7861e+06	2.7003e+06	2.8043e+06
0	28	0	4480	2571	1016	748	145	2693	4	0.0377358	3.6661e+06	3.7861e+06	2.7003e+06	2.8043e+06
0	29	0	4730	2693	1078	814	145	2764	4	0.0377358	3.6661e+06	3.7861e+06	2.7003e+06	2.8043e+06
0	30	0	4919	2764	1102	881	172	3089	4	0.0377358	3.6661e+06	3.7861e+06	2.7003e+06	2.8043e+06
0	31	0	5379	3089	1165	908	217	3413	4	0.0377358	3.6661e+06	3.7861e+06	2.7003e+06	2.8043e+06
0	32	0	5765	3413	1207	937	208	3450	4	0.0377358	3.6661e+06	3.7861e+06	2.7003e+06	2.8043e+06
0	33	0	5951	3450	1316	983	202	3649	4	0.0377358	3.6661e+06	3.7861e+06	2.7003e+06	2.8043e+06
0	34	0	6270	3649	1397	1013	211	3862	4	0.0377358	3.6661e+06	3.7861e+06	2.7003e+06	2.8043e+06
0	35	0	6681	3862	1477	1099	243	4028	4	0.0377358	3.6661e+06	3.7861e+06	2.7003e+06	2.8043e+06
0	36	0	7022	4028	1580	1181	233	4252	4	0.0377358	3.6661e+06	3.7861e+06	2.7003e+06	2.8043e+06
0	37	0	7398	4252	1572	1303	271	4784	4	0.0377358	3.6661e+06	3.7861e+06	2.7003e+06	2.8043e+06
0	38	0	8124	4784	1743	1329	268	4681	5	0.0471698	3.5661e+06	3.7861e+06	2.7003e+06	2.8043e+06
0	39	0	8314	4681	1974	1363	296	4868	5	0.0471698	3.5661e+06	3.7861e+06	2.7003e+06	2.8043e+06
0	40	0	8662	4868	1937	1579	278	5284	4	0.0377358	3.6661e+06	3.7861e+06	2.7003e+06	2.8043e+06
0	41	0	9179	5284	1955	1615	325	5483	5	0.0471698	3.5661e+06	3.7861e+06	2.7003e+06	2.8043e+06
0	42	0	9541	5483	2092	1611	355	5418	5	0.0471698	3.5661e+06	3.7861e+06	2.7003e+06	2.8043e+06
0	43	0	9653	5418	2175	1726	334	5663	4	0.0377358	3.6661e+06	3.7861e+06	2.7003e+06	2.8043e+06
0	44	0	9874	5663	2102	1721	388	5752	5	0.0471698	3.6661e+06	3.8221e+06	2.7003e+06	2.8043e+06
0	45	0	10060	5752	2192	1731	385	5733	6	0.0566038	3.5661e+06	3.8221e+06	2.7003e+06	2.8043e+06
0	46	0	10159	5733	2222	1809	395	5895	5	0.0471698	3.6661e+06	3.8221e+06	2.7003e+06	2.8043e+06
0	47	0	10382	5895	2248	1851	388	5945	5	0.0471698	3.6661e+06	3.8221e+06	2.7003e+06	2.8043e+06
0	48	0	10433	5945	2274	1813	401	5946	7	0.0660377	3.5661e+06	3.8221e+06	2.7003e+06	2.8363e+06
0	49	0	10477	5946	2261	1872	398	5979	5	0.0471698	3.6661e+06	3.8221e+06	2.7003e+06	2.8043e+06
0	50	0	10554	5979	2356	1836	383	5826	5	0.0471698	3.6661e+06	3.8221e+06	2.7003e+06	2.8043e+06
0	51	0	10489	5826	2321	1933	409	6153	7	0.0660377	3.5661e+06	3.8221e+06	2.7003e+06	2.8363e+06
0	52	0	10656	6153	2165	1943	395	6073	7	0.0660377	3.5661e+06	3.8501e+06	2.7003e+06	2.8043e+06
0	53	0	10554	6073	2316	1782	383	5568	5	0.0471698	3.6661e+06	3.8221e+06	2.7003e+06	2.8043e+06
0	54	0	10245	5568	2411	1878	388	6183	7	0.0660377	3.5661e+06	3.8221e+06	2.7003e+06	2.8363e+06
0	55	0	10628	6183	2096	1914	435	6277	7	0.0660377	3.5661e+06	3.8501e+06	2.7003e+06	2.8043e+06
0	56	0	10781	6277	2307	1764	433	5773	7	0.0660377	3.5661e+06	3.8501e+06	2.7003e+06	2.8043e+06
0	57	0	10462	5773	2418	1894	377	6044	6	0.0566038	3.5661e+06	3.8221e+06	2.7003e+06	2.8043e+06
0	58	0	10619	6044	2203	1973	399	6238	7	0.0660377	3.5661e+06	3.8501e+06	2.7003e+06	2.8043e+06
0	59	0	10792	6238	2301	1844	409	5983	7	0.0660377	3.5661e+06	3.8501e+06	2.7003e+06	2.8043e+06
0	60	0	10676	5983	2425	1882	386	6049	7	0.0660377	3.5661e+06	3.8501e+06	2.7003e+06	2.8043e+06
0	61	0	10698	6049	2290	1932	427	6262	8	0.0754717	3.5661e+06	3.8501e+06	2.7003e+06	2.8363e+06
0	62	0	10896	6262	2348	1871	415	6206	7	0.0660377	3.5661e+06	3.8501e+06	2.7003e+06	2.8043e+06
0	63	0	10811	6206	2302	1909	394	6022	7	0.0660377	3.5661e+06	3.8501e+06	2.7003e+06	2.8043e+06
0	64	0	10702	6022	2380	1883	417	6124	8	0.0754717	3.5661e+06	3.8501e+06	2.7003e+06	2.8363e+06
0	65	0	10815	6124	2335	1988	368	6188	8	0.0754717	3.5661e+06	3.8501e+06	2.7003e+06	2.8363e+06
0	66	0	10912	6188	2396	1914	414	6154	8	0.0754717	3.5661e+06	3.8501e+06	2.7003e+06	2.8363e+06
0	67	0	10910	6154	2365	1978	413	6465	8	0.0754717	3.5661e+06	3.8501e+06	2.7003e+06	2.8363e+06
0	68	0	11238	6465	2397	1959	417	6264	8	0.0754717	3.5661e+06	3.8501e+06	2.7003e+06	2.8363e+06
0	69	0	11203	6264	2530	1970	439	6437	9	0.0849057	3.5661e+06	3.8501e+06	2.7003e+06	2.8523e+06
0	70	0	11332	6437	2384	2072	439	6852	8	0.0754717	3.5661e+06	3.8501e+06	2.7003e+06	2.8363e+06
0	71	0	11741	6852	2446	2009	434	6554	8	0.0754717	3.5661e+06	3.8501e+06	2.7003e+06	2.8363e+06
0	72	0	11530	6554	2594	1982	400	6407	9	0.0849057	3.5661e+06	3.8501e+06	2.7003e+06	2.8523e+06
0	73	0	11572	6407	2626	2112	427	6941	9	0.0849057	3.5661e+06	3.8501e+06	2.7003e+06	2.8523e+06
0	74	0	12040	6941	2462	2181	456	7087	8	0.0754717	3.5661e+06	3.8501e+06	2.7003e+06	2.8363e+06
0	75	0	12230	7087	2662	2029	452	6638	8	0.0754717	3.5661e+06	3.8501e+06	2.7003e+06	2.8363e+06
0	76	0	11991	6638	2758	2144	451	7077	8	0.0754717	3.5661e+06	3.8501e+06	2.7003e+06	2.8363e+06
0	77	0	12297	7077	2541	2226	453	7343	8	0.0754717	3.5661e+06	3.8501e+06	2.7003e+06	2.8363e+06
0	78	0	12648	7343	2738	2113	454	6953	9	0.0849057	3.5661e+06	3.8501e+06	2.7003e+06	2.8363e+06
0	79	0	12441	6953	2827	2214	447	7290	9	0.0849057	3.5661e+06	3.8501e+06	2.6683e+06	2.8363e+06
0	80	0	12870	7290	2701	2392	487	7559	10	0.0943396	3.5661e+06	3.8621e+06	2.6683e+06	2.8363e+06
0	81	0	13020	7559	2761	2221	479	7242	11	0.103774	3.5661e+06	3.8621e+06	2.6683e+06	2.8363e+06
0	82	0	12971	7242	2942	2300	487	7404	11	0.103774	3.5661e+06	3.8621e+06	2.6683e+06	2.8363e+06
0	83	0	13062	7404	2783	2352	523	7526	10	0.0943396	3.5661e+06	3.8501e+06	2.6683e+06	2.8363e+06
0	84	0	13152	7526	2829	2255	542	7591	11	0.103774	3.5661e+06	3.8621e+06	2.6683e+06	2.8363e+06
0	85	0	13174	7591	2843	2262	478	7455	11	0.103774	3.5661e+06	3.8621e+06	2.6683e+06	2.8363e+06
0	86	0	13189	7455	2958	2322	454	7319	11	0.103774	3.5661e+06	3.8621e+06	2.6683e+06	2.8363e+06
0	87	0	13185	7319	2984	2376	506	7802	13	0.122642	3.5661e+06	3.8901e+06	2.6683e+06	2.8723e+06
0	88	0	13753	7802	2903	2507	541	8111	12	0.113208	3.5661e+06	3.8621e+06	2.6683e+06	2.8723e+06
0	89	0	14096	8111	3031	2385	569	7938	12	0.113208	3.5661e+06	3.8621e+06	2.6683e+06	2.8723e+06
0	90	0	14024	7938	3087	2441	558	8006	12	0.113208	3.5661e+06	3.8901e+06	2.6683e+06	2.8363e+06
0	91	0	14184	8006	3040	2586	552	8506	14	0.132075	3.5661e+06	3.8901e+06	2.6683e+06	2.8723e+06
0	92	0	14581	8506	3007	2526	542	8294	14	0.132075	3.5661e+06	3.8901e+06	2.6683e+06	2.8723e+06
0	93	0	14563	8294	3275	2458	536	8101	11	0.103774	3.5661e+06	3.8621e+06	2.6683e+06	2.8363e+06
0	94	0	14433	8101	3213	2629	490	8314	14	0.132075	3.5661e+06	3.8941e+06	2.6683e+06	2.8523e+06
0	95	0	14597	8314	3109	2603	571	8682	13	0.122642	3.5661e+06	3.8901e+06	2.6683e+06	2.8523e+06
0	96	0	15081	8682	3206	2628	565	8709	14	0.132075	3.5661e+06	3.8941e+06	2.6683e+06	2.8523e+06
0	97	0	15203	8709	3331	2602	561	8515	14	0.132075	3.5661e+06	3.8941e+06	2.6683e+06	2.8523e+06
0	98	0	15083	8515	3284	2722	562	8740	13	0.122642	3.5661e+06	3.8901e+06	2.6683e+06	2.8523e+06
0	99	0	15338	8740	3315	2674	609	8805	14	0.132075	3.5661e+06	3.8941e+06	2.6683e+06	2.8523e+06
0	100	0	15304	8805	3230	2683	586	0	15	0.141509	3.5661e+06	3.9981e+06	2.6683e+06	2.8523e+06
1	0	0	40	0	0	20	20	221	1	0.00943396	3.6661e+06	3.7541e+06	2.7443e+06	2.7843e+06
1	1	0	238	221	0	10	7	91	1	0.00943396	3.6661e+06	3.7541e+06	2.7443e+06	2.7843e+06
1	2	0	191	91	96	2	2	15	1	0.00943396	3.6661e+06	3.7541e+06	2.7443e+06	2.7843e+06
1	3	0	110	15	29	65	1	288	1	0.00943396	3.6661e+06	3.7541e+06	2.7443e+06	2.7843e+06
1	4	0	334	288	7	30	9	177	1	0.00943396	3.6661e+06	3.7541e+06	2.7443e+06	2.7843e+06
1	5	0	309	177	117	13	2	73	1	0.00943396	3.6661e+06	3.7541e+06	2.7443e+06	2.7843e+06
1	6	0	218	73	70	71	4	353	1	0.00943396	3.6661e+06	3.7541e+06	2.7443e+06	2.7843e+06
1	7	0	467	353	34	66	14	338	1	0.00943396	3.6661e+06	3.7541e+06	2.7443e+06	2.7843e+06
1	8	0	521	338	124	41	18	252	1	0.00943396	3.6661e+06	3.7541e+06	2.7443e+06	2.7843e+06
1	9	0	493	252	144	88	9	385	1	0.00943396	3.6661e+06	3.7541e+06	2.7443e+06	2.7843e+06
1	10	0	617	385	107	102	23	505	1	0.00943396	3.6661e+06	3.7541e+06	2.7443e+06	2.7843e+06
1	11	0	776	505	165	87	19	469	1	0.00943396	3.6661e+06	3.7541e+06	2.7443e+06	2.7843e+06
1	12	0	849	469	245	124	11	571	1	0.00943396	3.6661e+06	3.7541e+06	2.7443e+06	2.7843e+06
1	13	0	991	571	213	185	22	820	1	0.00943396	3.6661e+06	3.7541e+06	2.7443e+06	2.7843e+06
1	14	0	1290	820	261	170	39	893	1	0.00943396	3.6661e+06	3.7541e+06	2.7443e+06	2.7843e+06
1	15	0	1498	893	347	213	45	997	1	0.00943396	3.6661e+06	3.7541e+06	2.7443e+06	2.7843e+06
1	16	0	1710	997	397	268	48	1194	1	0.00943396	3.6661e+06	3.7541e+06	2.7443e+06	2.7843e+06
1	17	0	1977	1194	405	323	55	1405	1	0.00943396	3.6661e+06	3.7541e+06	2.7443e+06	2.7843e+06
1	18	0	2326	1405	523	326	72	1443	1	0.00943396	3.6661e+06	3.7541e+06	2.7443e+06	2.7843e+06
1	19	0	2521	1443	589	412	77	1704	2	0.0188679	3.6661e+06	3.7541e+06	2.7003e+06	2.7843e+06
1	20	0	2862	1704	616	449	93	1685	2	0.0188679	3.6661e+06	3.7541e+06	2.7003e+06	2.7843e+06
1	21	0	2982	1685	682	519	96	1970	3	0.0283019	3.6661e+06	3.7861e+06	2.7003e+06	2.7843e+06
1	22	0	3330	1970	695	549	116	1941	3	0.0283019	3.6661e+06	3.7861e+06	2.7003e+06	2.7843e+06
1	23	0	3405	1941	793	561	110	1988	2	0.0188679	3.6661e+06	3.7541e+06	2.7003e+06	2.7843e+06
1	24	0	3540	1988	801	631	120	2295	3	0.0283019	3.6661e+06	3.7861e+06	2.7003e+06	2.7843e+06
1	25	0	3924	2295	794	711	124	2291	3	0.0283019	3.6661e+06	3.7861e+06	2.7003e+06	2.7843e+06
1	26	0	4074	2291	932	696	155	2420	4	0.0377358	3.6661e+06	3.7861e+06	2.7003e+06	2.8043e+06
1	27	0	4264	2420	942	764	138	2607	4	0.0377358	3.6661e+06	3.7861e+06	2.7003e+06	2.8043e+06
1	28	0	4552	2607	987	775	183	2637	3	0.0283019	3.6661e+06	3.7861e+06	2.7003e+06	2.7843e+06
1	29	0	4625	2637	1004	818	166	2892	3	0.0283019	3.6661e+06	3.7861e+06	2.7003e+06	2.7843e+06
1	30	0	4988	2892	1102	825	169	2893	4	0.0377358	3.6661e+06	3.7861e+06	2.7003e+06	2.8043e+06
1	31	0	5153	2893	1185	909	166	3253	4	0.0377358	3.6661e+06	3.7861e+06	2.7003e+06	2.8043e+06
1	32	0	5554	3253	1170	941	190	3236	3	0.0283019	3.6661e+06	3.7861e+06	2.7003e+06	2.7843e+06
1	33	0	5743	3236	1317	986	204	3555	4	0.0377358	3.6661e+06	3.7861e+06	2.7003e+06	2.8043e+06
1	34	0	6183	3555	1356	1059	213	3882	4	0.0377358	3.6661e+06	3.7861e+06	2.7003e+06	2.8043e+06
1	35	0	6669	3882	1455	1109	223	3951	4	0.0377358	3.6661e+06	3.7861e+06	2.7003e+06	2.8043e+06
1	36	0	6919	3951	1569	1182	217	4220	4	0.0377358	3.6661e+06	3.7861e+06	2.7003e+06	2.8043e+06
1	37	0	7364	4220	1634	1282	228	4357	4	0.0377358	3.6661e+06	3.7861e+06	2.7003e+06	2.8043e+06
1	38	0	7652	4357	1704	1322	269	4662	4	0.0377358	3.6661e+06	3.7861e+06	2.7003e+06	2.8043e+06
1	39	0	8108	4662	1727	1434	285	4931	4	0.0377358	3.6661e+06	3.7861e+06	2.7003e+06	2.8043e+06
1	40	0	8598	4931	1916	1445	306	4839	4	0.0377358	3.6661e+06	3.7861e+06	2.7003e+06	2.8043e+06
1	41	0	8669	4839	2017	1524	289	5270	4	0.0377358	3.6661e+06	3.7861e+06	2.7003e+06	2.8043e+06
1	42	0	9239	5270	2001	1656	312	5513	4	0.0377358	3.6661e+06	3.7861e+06	2.7003e+06	2.8043e+06
1	43	0	9630	5513	2105	1665	347	5463	4	0.0377358	3.6661e+06	3.7861e+06	2.7003e+06	2.8043e+06
1	44	0	9755	5463	2201	1726	365	5771	4	0.0377358	3.6661e+06	3.7861e+06	2.7003e+06	2.8043e+06
1	45	0	10106	5771	2117	1863	355	5930	4	0.0377358	3.6661e+06	3.7861e+06	2.7003e+06	2.8043e+06
1	46	0	10371	5930	2258	1790	393	5732	4	0.0377358	3.6661e+06	3.7861e+06	2.7003e+06	2.8043e+06
1	47	0	10339	5732	2331	1872	404	6000	4	0.0377358	3.6661e+06	3.7861e+06	2.7003e+06	2.8043e+06
1	48	0	10495	6000	2175	1905	415	6130	4	0.0377358	3.6661e+06	3.7861e+06	2.7003e+06	2.8043e+06
1	49	0	10616	6130	2242	1801	443	5927	4	0.0377358	3.6661e+06	3.7861e+06	2.7003e+06	2.8043e+06
1	50	0	10567	5927	2370	1862	408	5989	4	0.0377358	3.6661e+06	3.7861e+06	2.7003e+06	2.8043e+06
1	51	0	10569	5989	2246	1914	420	6193	4	0.0377358	3.6661e+06	3.7861e+06	2.7003e+06	2.8043e+06
1	52	0	10706	6193	2238	1878	397	5880	4	0.0377358	3.6661e+06	3.7861e+06	2.7003e+06	2.8043e+06
1	53	0	10487	5880	2402	1809	396	5860	4	0.0377358	3.6661e+06	3.7861e+06	2.7003e+06	2.8043e+06
1	54	0	10427	5860	2230	1923	414	6205	6	0.0566038	3.6661e+06	3.8101e+06	2.7003e+06	2.8523e+06
1	55	0	10661	6205	2180	1859	417	6005	4	0.0377358	3.6661e+06	3.7861e+06	2.7003e+06	2.8043e+06
1	56	0	10667	6005	2426	1843	393	5823	5	0.0471698	3.6661e+06	3.7901e+06	2.7003e+06	2.8363e+06
1	57	0	10534	5823	2340	1980	391	6244	6	0.0566038	3.6661e+06	3.8101e+06	2.7003e+06	2.8523e+06
1	58	0	10840	6244	2206	1954	436	6204	5	0.0471698	3.6661e+06	3.7901e+06	2.7003e+06	2.8363e+06
1	59	0	10920	6204	2374	1906	436	6003	5	0.0471698	3.6661e+06	3.7901e+06	2.7003e+06	2.8363e+06
1	60	0	10622	6003	2281	1955	383	6195	7	0.0660377	3.6661e+06	3.8221e+06	2.7003e+06	2.8523e+06
1	61	0	10819	6195	2294	1917	413	6151	6	0.0566038	3.6661e+06	3.8101e+06	2.7003e+06	2.8523e+06
1	62	0	10826	6151	2321	1911	443	6184	6	0.0566038	3.6661e+06	3.8101e+06	2.7003e+06	2.8523e+06
1	63	0	10929	6184	2400	1913	432	6132	7	0.0660377	3.6661e+06	3.8221e+06	2.7003e+06	2.8523e+06
1	64	0	10832	6132	2341	1967	392	6144	6	0.0566038	3.6661e+06	3.8101e+06	2.7003e+06	2.8523e+06
1	65	0	10791	6144	2305	1914	428	6214	6	0.0566038	3.6661e+06	3.8101e+06	2.7003e+06	2.8523e+06
1	66	0	10884	6214	2375	1867	428	6188	6	0.0566038	3.6661e+06	3.8101e+06	2.7003e+06	2.8523e+06
1	67	0	10909	6188	2401	1882	438	6097	6	0.0566038	3.6661e+06	3.8101e+06	2.7003e+06	2.8523e+06
1	68	0	10856	6097	2442	1921	396	5978	6	0.0566038	3.6661e+06	3.8101e+06	2.7003e+06	2.8523e+06
1	69	0	10677	5978	2348	1973	378	6286	6	0.0566038	3.6661e+06	3.8101e+06	2.7003e+06	2.8523e+06
1	70	0	10924	6286	2314	1914	410	6186	6	0.0566038	3.6661e+06	3.8101e+06	2.7003e+06	2.8523e+06
1	71	0	10904	6186	2383	1869	466	6216	6	0.0566038	3.6661e+06	3.8101e+06	2.7003e+06	2.8523e+06
1	72	0	10962	6216	2401	1931	414	6235	6	0.0566038	3.6661e+06	3.8101e+06	2.7003e+06	2.8523e+06
1	73	0	11040	6235	2422	1972	411	6116	6	0.0566038	3.6661e+06	3.8101e+06	2.7003e+06	2.8523e+06
1	74	0	10851	6116	2378	1970	387	6279	6	0.0566038	3.6661e+06	3.8101e+06	2.7003e+06	2.8523e+06
1	75	0	11028	6279	2409	1943	397	6107	6	0.0566038	3.6661e+06	3.8101e+06	2.7003e+06	2.8523e+06
1	76	0	10955	6107	2451	1965	432	6312	6	0.0566038	3.6661e+06	3.8101e+06	2.7003e+06	2.8523e+06
1	77	0	11181	6312	2403	2031	435	6496	6	0.0566038	3.6661e+06	3.8101e+06	2.7003e+06	2.8523e+06
1	78	0	11295	6496	2396	1987	416	6498	6	0.0566038	3.6661e+06	3.8101e+06	2.7003e+06	2.8523e+06
1	79	0	11479	6498	2576	1971	434	6370	6	0.0566038	3.6661e+06	3.8101e+06	2.7003e+06	2.8523e+06
1	80	0	11326	6370	2470	2086	400	6571	6	0.0566038	3.6661e+06	3.8101e+06	2.7003e+06	2.8523e+06
1	81	0	11484	6571	2408	2037	468	6725	6	0.0566038	3.6661e+06	3.8101e+06	2.7003e+06	2.8523e+06
1	82	0	11700	6725	2530	1998	447	6455	6	0.0566038	3.6661e+06	3.8101e+06	2.7003e+06	2.8523e+06
1	83	0	11575	6455	2576	2088	456	6712	6	0.0566038	3.6661e+06	3.8101e+06	2.7003e+06	2.8523e+06
1	84	0	11734	6712	2440	2138	444	6809	6	0.0566038	3.6661e+06	3.8101e+06	2.7003e+06	2.8523e+06
1	85	0	11841	6809	2536	2028	468	6569	7	0.0660377	3.6661e+06	3.8221e+06	2.7003e+06	2.8523e+06
1	86	0	11701	6569	2647	2028	457	6606	7	0.0660377	3.6661e+06	3.8221e+06	2.7003e+06	2.8523e+06
1	87	0	11740	6606	2546	2155	433	6802	6	0.0566038	3.6661e+06	3.8101e+06	2.7003e+06	2.8523e+06
1	88	0	11918	6802	2556	2106	454	6814	8	0.0754717	3.6661e+06	3.8221e+06	2.7003e+06	2.8843e+06
1	89	0	11945	6814	2588	2112	431	6536	8	0.0754717	3.6661e+06	3.8221e+06	2.7003e+06	2.8843e+06
1	90	0	11685	6536	2585	2123	441	6694	6	0.0566038	3.6661e+06	3.8101e+06	2.7003e+06	2.8523e+06
1	91	0	11792	6694	2477	2135	486	6985	7	0.0660377	3.6661e+06	3.8101e+06	2.7003e+06	2.8843e+06
1	92	0	12010	6985	2538	2030	457	6503	8	0.0754717	3.6661e+06	3.8221e+06	2.7003e+06	2.8843e+06
1	93	0	11801	6503	2729	2118	451	6773	7	0.0660377	3.6661e+06	3.8101e+06	2.7003e+06	2.8843e+06
1	94	0	11872	6773	2483	2164	452	6965	8	0.0754717	3.6661e+06	3.8501e+06	2.7003e+06	2.8843e+06
1	95	0	12101	6965	2618	2070	448	6464	8	0.0754717	3.6661e+06	3.8221e+06	2.7003e+06	2.8843e+06
1	96	0	11655	6464	2626	2115	450	6990	8	0.0754717	3.6661e+06	3.8221e+06	2.7003e+06	2.8843e+06
1	97	0	12193	6990	2538	2190	475	7043	8	0.0754717	3.6661e+06	3.8501e+06	2.7003e+06	2.8843e+06
1	98	0	12244	7043	2597	2127	477	6856	9	0.0849057	3.6661e+06	3.8501e+06	2.7003e+06	2.8843e+06
1	99	0	12099	6856	2671	2107	465	6824	9	0.0849057	3.6661e+06	3.8221e+06	2.7003e+06	2.8843e+06
1	100	0	12150	6824	2656	2181	489	0	10	0.0943396	3.6661e+06	3.8501e+06	2.7003e+06	2.8843e+06
2	0	0	40	0	0	20	20	210	1	0.00943396	3.6661e+06	3.7541e+06	2.7443e+06	2.7843e+06
2	1	0	226	210	0	6	10	81	1	0.00943396	3.6661e+06	3.7541e+06	2.7443e+06	2.7843e+06
2	2	0	163	81	77	0	5	32	1	0.00943396	3.6661e+06	3.7541e+06	2.7443e+06	2.7843e+06
2	3	0	113	32	31	50	0	207	1	0.00943396	3.6661e+06	3.7541e+06	2.7443e+06	2.7843e+06
2	4	0	250	207	11	24	8	160	1	0.00943396	3.6661e+06	3.7541e+06	2.7443e+06	2.7843e+06
2	5	0	261	160	81	14	6	95	1	0.00943396	3.6661e+06	3.7541e+06	2.7443e+06	2.7843e+06
2	6	0	230	95	74	60	1	253	1	0.00943396	3.6661e+06	3.7541e+06	2.7443e+06	2.7843e+06
2	7	0	354	253	35	54	12	308	1	0.00943396	3.6661e+06	3.7541e+06	2.7443e+06	2.7843e+06
2	8	0	465	308	107	36	14	232	1	0.00943396	3.6661e+06	3.7541e+06	2.7443e+06	2.7843e+06
2	9	0	455	232	134	74	15	395	1	0.00943396	3.6661e+06	3.7541e+06	2.7443e+06	2.7843e+06
2	10	0	611	395	95	102	19	523	1	0.00943396	3.6661e+06	3.7541e+06	2.7443e+06	2.7843e+06
2	11	0	792	523	159	87	23	478	1	0.00943396	3.6661e+06	3.7541e+06	2.7443e+06	2.7843e+06
2	12	0	850	478	215	135	22	636	1	0.00943396	3.6661e+06	3.7541e+06	2.7443e+06	2.7843e+06
2	13	0	1040	636	197	181	26	808	1	0.00943396	3.6661e+06	3.7541e+06	2.7443e+06	2.7843e+06
2	14	0	1291	808	266	180	37	837	1	0.00943396	3.6661e+06	3.7541e+06	2.7443e+06	2.7843e+06
2	15	0	1454	837	378	209	30	866	2	0.0188679	3.6661e+06	3.7861e+06	2.7443e+06	2.7843e+06
2	16	0	1563	866	368	277	52	1274	2	0.0188679	3.6661e+06	3.7861e+06	2.7443e+06	2.7843e+06
2	17	0	1987	1274	368	296	49	1231	1	0.00943396	3.6661e+06	3.7541e+06	2.7443e+06	2.7843e+06
2	18	0	2142	1231	523	317	71	1333	1	0.00943396	3.6661e+06	3.7541e+06	2.7443e+06	2.7843e+06
2	19	0	2334	1333	521	400	80	1659	2	0.0188679	3.6661e+06	3.7861e+06	2.7443e+06	2.7843e+06
2	20	0	2749	1659	580	422	88	1729	1	0.00943396	3.6661e+06	3.7541e+06	2.7443e+06	2.7843e+06
2	21	0	2953	1729	695	432	97	1642	3	0.0283019	3.6661e+06	3.7581e+06	2.7003e+06	2.8043e+06
2	22	0	3029	1642	735	565	87	1972	2	0.0188679	3.6661e+06	3.7541e+06	2.7003e+06	2.7843e+06
2	23	0	3385	1972	690	613	110	2203	2	0.0188679	3.6661e+06	3.7541e+06	2.7003e+06	2.7843e+06
2	24	0	3723	2203	824	581	115	2010	4	0.0377358	3.6661e+06	3.7861e+06	2.7003e+06	2.8043e+06
2	25	0	3681	2010	888	672	111	2330	4	0.0377358	3.6661e+06	3.7861e+06	2.7003e+06	2.8043e+06
2	26	0	3964	2330	773	723	138	2445	3	0.0283019	3.6661e+06	3.7861e+06	2.7003e+06	2.7843e+06
2	27	0	4198	2445	935	671	147	2322	4	0.0377358	3.6661e+06	3.7861e+06	2.7003e+06	2.8043e+06
2	28	0	4210	2322	994	753	141	2704	4	0.0377358	3.6661e+06	3.7861e+06	2.7003e+06	2.8043e+06
2	29	0	4594	2704	921	814	155	2780	4	0.0377358	3.6661e+06	3.7861e+06	2.7003e+06	2.8043e+06
2	30	0	4855	2780	1101	803	171	2808	4	0.0377358	3.6661e+06	3.7861e+06	2.7003e+06	2.8043e+06
2	31	0	5023	2808	1126	889	200	3282	4	0.0377358	3.6661e+06	3.7861e+06	2.7003e+06	2.8043e+06
2	32	0	5561	3282	1152	936	191	3330	4	0.0377358	3.6661e+06	3.7861e+06	2.7003e+06	2.8043e+06
2	33	0	5752	3330	1286	929	207	3321	4	0.0377358	3.6661e+06	3.7861e+06	2.7003e+06	2.8043e+06
2	34	0	5872	3321	1350	980	221	3702	4	0.0377358	3.6661e+06	3.7861e+06	2.7003e+06	2.8043e+06
2	35	0	6363	3702	1353	1100	208	4008	4	0.0377358	3.6661e+06	3.7861e+06	2.7003e+06	2.8043e+06
2	36	0	6830	4008	1486	1104	232	4068	4	0.0377358	3.6661e+06	3.7861e+06	2.7003e+06	2.8043e+06
2	37	0	7155	4068	1665	1190	232	4345	4	0.0377358	3.6661e+06	3.7861e+06	2.7003e+06	2.8043e+06
2	38	0	7652	4345	1747	1343	217	4699	4	0.0377358	3.6661e+06	3.7861e+06	2.7003e+06	2.8043e+06
2	39	0	8160	4699	1776	1432	253	4963	4	0.0377358	3.6661e+06	3.7861e+06	2.7003e+06	2.8043e+06
2	40	0	8663	4963	1926	1477	297	5025	4	0.0377358	3.6661e+06	3.7861e+06	2.7003e+06	2.8043e+06
2	41	0	8931	5025	2031	1567	308	5407	4	0.0377358	3.6661e+06	3.7861e+06	2.7003e+06	2.8043e+06
2	42	0	9410	5407	2070	1622	311	5404	4	0.0377358	3.6661e+06	3.7861e+06	2.7003e+06	2.8043e+06
2	43	0	9564	5404	2132	1674	354	5697	4	0.0377358	3.6661e+06	3.7861e+06	2.7003e+06	2.8043e+06
2	44	0	9973	5697	2153	1783	340	5753	4	0.0377358	3.6661e+06	3.7861e+06	2.7003e+06	2.8043e+06
2	45	0	10169	5753	2233	1783	400	5919	4	0.0377358	3.6661e+06	3.7861e+06	2.7003e+06	2.8043e+06
2	46	0	10375	5919	2277	1774	405	5853	4	0.0377358	3.6661e+06	3.7861e+06	2.7003e+06	2.8043e+06
2	47	0	10395	5853	2279	1866	397	6005	4	0.0377358	3.6661e+06	3.7861e+06	2.7003e+06	2.8043e+06
2	48	0	10587	6005	2284	1884	414	5971	4	0.0377358	3.6661e+06	3.7861e+06	2.7003e+06	2.8043e+06
2	49	0	10564	5971	2337	1865	391	5942	5	0.0471698	3.6661e+06	3.8221e+06	2.7003e+06	2.8043e+06
2	50	0	10499	5942	2278	1883	396	6018	6	0.0566038	3.6661e+06	3.8221e+06	2.7003e+06	2.8523e+06
2	51	0	10567	6018	2286	1845	418	6014	5	0.0471698	3.6661e+06	3.8101e+06	2.7003e+06	2.8523e+06
2	52	0	10538	6014	2276	1842	406	5973	6	0.0566038	3.6661e+06	3.8221e+06	2.7003e+06	2.8363e+06
2	53	0	10539	5973	2243	1899	424	6304	7	0.0660377	3.6661e+06	3.8221e+06	2.7003e+06	2.8523e+06
2	54	0	10837	6304	2283	1855	395	5892	7	0.0660377	3.6661e+06	3.8501e+06	2.7003e+06	2.8523e+06
2	55	0	10574	5892	2380	1901	401	5888	7	0.0660377	3.6661e+06	3.8501e+06	2.7003e+06	2.8523e+06
2	56	0	10497	5888	2257	1955	397	6133	6	0.0566038	3.6661e+06	3.8501e+06	2.7003e+06	2.8363e+06
2	57	0	10706	6133	2254	1895	424	6129	6	0.0566038	3.6661e+06	3.8101e+06	2.7003e+06	2.8523e+06
2	58	0	10734	6129	2319	1854	432	5891	6	0.0566038	3.6661e+06	3.8101e+06	2.7003e+06	2.8523e+06
2	59	0	10613	5891	2397	1872	453	6204	7	0.0660377	3.6661e+06	3.8501e+06	2.7003e+06	2.8523e+06
2	60	0	10835	6204	2252	1936	443	6357	6	0.0566038	3.6661e+06	3.8501e+06	2.7003e+06	2.8363e+06
2	61	0	10995	6357	2343	1879	416	5966	6	0.0566038	3.6661e+06	3.8101e+06	2.7003e+06	2.8523e+06
2	62	0	10597	5966	2392	1871	368	5858	7	0.0660377	3.6661e+06	3.8501e+06	2.7003e+06	2.8523e+06
2	63	0	10549	5858	2353	1938	400	6099	6	0.0566038	3.6661e+06	3.8501e+06	2.7003e+06	2.8363e+06
2	64	0	10686	6099	2272	1910	405	6171	6	0.0566038	3.6661e+06	3.8101e+06	2.7003e+06	2.8523e+06
2	65	0	10738	6171	2294	1855	418	5965	7	0.0660377	3.6661e+06	3.8501e+06	2.7003e+06	2.8523e+06
2	66	0	10689	5965	2430	1915	379	6115	7	0.0660377	3.6661e+06	3.8501e+06	2.7003e+06	2.8523e+06
2	67	0	10762	6115	2298	1970	379	6196	6	0.0566038	3.6661e+06	3.8101e+06	2.7003e+06	2.8523e+06
2	68	0	10818	6196	2313	1930	379	6127	7	0.0660377	3.6661e+06	3.8501e+06	2.7003e+06	2.8523e+06
2	69	0	10767	6127	2364	1870	406	6049	7	0.0660377	3.6661e+06	3.8501e+06	2.7003e+06	2.8523e+06
2	70	0	10746	6049	2358	1925	414	6276	7	0.0660377	3.6661e+06	3.8501e+06	2.7003e+06	2.8523e+06
2	71	0	10931	6276	2296	1928	431	6326	7	0.0660377	3.6661e+06	3.8501e+06	2.7003e+06	2.8523e+06
2	72	0	11018	6326	2406	1882	404	6043	7	0.0660377	3.6661e+06	3.8501e+06	2.7003e+06	2.8523e+06
2	73	0	10822	6043	2439	1935	405	6244	7	0.0660377	3.6661e+06	3.8501e+06	2.7003e+06	2.8523e+06
2	74	0	10935	6244	2298	1980	413	6354	7	0.0660377	3.6661e+06	3.8501e+06	2.7003e+06	2.8523e+06
2	75	0	11076	6354	2392	1896	434	6122	7	0.0660377	3.6661e+06	3.8501e+06	2.7003e+06	2.8523e+06
2	76	0	10889	6122	2412	1963	392	6216	7	0.0660377	3.6661e+06	3.8501e+06	2.7003e+06	2.8523e+06
2	77	0	11010	6216	2362	2011	421	6576	8	0.0754717	3.6661e+06	3.8501e+06	2.7003e+06	2.8523e+06
2	78	0	11368	6576	2379	2007	406	6228	8	0.0754717	3.6661e+06	3.8501e+06	2.7003e+06	2.8523e+06
2	79	0	11149	6228	2526	1985	410	6372	7	0.0660377	3.6661e+06	3.8501e+06	2.7003e+06	2.8523e+06
2	80	0	11202	6372	2335	2060	435	6658	8	0.0754717	3.6661e+06	3.8501e+06	2.7003e+06	2.8523e+06
2	81	0	11536	6658	2457	1979	442	6443	7	0.0660377	3.6661e+06	3.8501e+06	2.7003e+06	2.8523e+06
2	82	0	11430	6443	2538	2003	446	6588	7	0.0660377	3.6661e+06	3.8501e+06	2.7003e+06	2.8523e+06
2	83	0	11736	6588	2629	2069	450	6547	9	0.0849057	3.5661e+06	3.8501e+06	2.7003e+06	2.8523e+06
2	84	0	11673	6547	2570	2135	421	6805	9	0.0849057	3.5661e+06	3.8501e+06	2.7003e+06	2.8523e+06
2	85	0	11838	6805	2453	2163	417	6790	8	0.0754717	3.5661e+06	3.8501e+06	2.7003e+06	2.8523e+06
2	86	0	11993	6790	2681	2052	470	6735	9	0.0849057	3.5661e+06	3.8501e+06	2.7003e+06	2.8523e+06
2	87	0	12027	6735	2668	2169	455	7011	9	0.0849057	3.5661e+06	3.8501e+06	2.7003e+06	2.8523e+06
2	88	0	12224	7011	2533	2226	454	7114	9	0.0849057	3.5661e+06	3.8501e+06	2.7003e+06	2.8523e+06
2	89	0	12287	7114	2647	2066	460	6552	9	0.0849057	3.5661e+06	3.8501e+06	2.7003e+06	2.8523e+06
2	90	0	11890	6552	2746	2147	445	7001	9	0.0849057	3.5661e+06	3.8501e+06	2.7003e+06	2.8523e+06
2	91	0	12185	7001	2516	2228	440	7143	8	0.0754717	3.6661e+06	3.8501e+06	2.7003e+06	2.8523e+06
2	92	0	12398	7143	2667	2098	490	6948	10	0.0943396	3.5661e+06	3.8501e+06	2.7003e+06	2.8843e+06
2	93	0	12360	6948	2714	2223	475	7220	10	0.0943396	3.5661e+06	3.8501e+06	2.7003e+06	2.8843e+06
2	94	0	12644	7220	2662	2265	497	7322	8	0.0754717	3.6661e+06	3.8501e+06	2.7003e+06	2.8523e+06
2	95	0	12894	7322	2819	2225	528	7195	10	0.0943396	3.5661e+06	3.8501e+06	2.7003e+06	2.8843e+06
2	96	0	12741	7195	2791	2252	503	7257	11	0.103774	3.5661e+06	3.8941e+06	2.7003e+06	2.8843e+06
2	97	0	12745	7257	2723	2309	456	7316	11	0.103774	3.5661e+06	3.8941e+06	2.7003e+06	2.8843e+06
2	98	0	12909	7316	2797	2301	495	7333	11	0.103774	3.5661e+06	3.8941e+06	2.7003e+06	2.8843e+06
2	99	0	12925	7333	2806	2294	492	7337	12	0.113208	3.5661e+06	3.8941e+06	2.7003e+06	2.8843e+06
2	100	0	12983	7337	2774	2359	513	0	11	0.103774	3.5661e+06	3.8941e+06	2.7003e+06	2.8843e+06
3	0	0	40	0	0	20	20	212	1	0.00943396	3.6661e+06	3.7541e+06	2.7443e+06	2.7843e+06
3	1	0	223	212	0	6	5	59	1	0.00943396	3.6661e+06	3.7541e+06	2.7443e+06	2.7843e+06
3	2	0	149	59	87	2	1	13	1	0.00943396	3.6661e+06	3.7541e+06	2.7443e+06	2.7843e+06
3	3	0	92	13	21	57	1	278	1	0.00943396	3.6661e+06	3.7541e+06	2.7443e+06	2.7843e+06
3	4	0	322	278	7	26	11	174	1	0.00943396	3.6661e+06	3.7541e+06	2.7443e+06	2.7843e+06
3	5	0	309	174	117	9	9	95	1	0.00943396	3.6661e+06	3.7541e+06	2.7443e+06	2.7843e+06
3	6	0	247	95	76	72	4	336	1	0.00943396	3.6661e+06	3.7541e+06	2.7443e+06	2.7843e+06
3	7	0	458	336	42	73	7	319	1	0.00943396	3.6661e+06	3.7541e+06	2.7443e+06	2.7843e+06
3	8	0	522	319	146	43	14	235	1	0.00943396	3.6661e+06	3.7541e+06	2.7443e+06	2.7843e+06
3	9	0	504	235	150	112	7	502	1	0.00943396	3.6661e+06	3.7541e+06	2.7443e+06	2.7843e+06
3	10	0	741	502	98	124	17	627	1	0.00943396	3.6661e+06	3.7541e+06	2.7443e+06	2.7843e+06
3	11	0	928	627	191	91	19	488	1	0.00943396	3.6661e+06	3.7541e+06	2.7443e+06	2.7843e+06
3	12	0	907	488	261	139	19	648	1	0.00943396	3.6661e+06	3.7541e+06	2.7443e+06	2.7843e+06
3	13	0	1088	648	199	210	31	1015	1	0.00943396	3.6661e+06	3.7541e+06	2.7443e+06	2.7843e+06
3	14	0	1542	1015	304	184	39	852	1	0.00943396	3.6661e+06	3.7541e+06	2.7443e+06	2.7843e+06
3	15	0	1534	852	415	228	39	1006	1	0.00943396	3.6661e+06	3.7541e+06	2.7443e+06	2.7843e+06
3	16	0	1776	1006	385	328	57	1393	1	0.00943396	3.6661e+06	3.7541e+06	2.7443e+06	2.7843e+06
3	17	0	2203	1393	425	314	71	1324	2	0.0188679	3.6661e+06	3.7861e+06	2.7443e+06	2.7843e+06
3	18	0	2339	1324	566	379	70	1517	2	0.0188679	3.6661e+06	3.7861e+06	2.7443e+06	2.7843e+06
3	19	0	2572	1517	559	429	67	1623	2	0.0188679	3.6661e+06	3.7861e+06	2.7443e+06	2.7843e+06
3	20	0	2809	1623	651	445	90	1782	4	0.0377358	3.6661e+06	3.7861e+06	2.7003e+06	2.8043e+06
3	21	0	3082	1782	679	515	106	2022	4	0.0377358	3.6661e+06	3.7861e+06	2.7003e+06	2.8043e+06
3	22	0	3404	2022	721	557	104	1873	4	0.0377358	3.6661e+06	3.7861e+06	2.7003e+06	2.8043e+06
3	23	0	3415	1873	830	584	128	2193	3	0.0283019	3.6661e+06	3.7861e+06	2.7003e+06	2.7843e+06
3	24	0	3787	2193	810	647	137	2400	4	0.0377358	3.6661e+06	3.7861e+06	2.7003e+06	2.8043e+06
3	25	0	4076	2400	881	667	128	2288	4	0.0377358	3.6661e+06	3.7861e+06	2.7003e+06	2.8043e+06
3	26	0	4156	2288	1009	702	157	2512	4	0.0377358	3.6661e+06	3.7861e+06	2.7003e+06	2.8043e+06
3	27	0	4413	2512	942	792	167	2783	4	0.0377358	3.6661e+06	3.7861e+06	2.7003e+06	2.8043e+06
3	28	0	4743	2783	1019	784	157	2703	4	0.0377358	3.6661e+06	3.7861e+06	2.7003e+06	2.8043e+06
3	29	0	4818	2703	1159	793	163	2832	4	0.0377358	3.6661e+06	3.7861e+06	2.7003e+06	2.8043e+06
3	30	0	5086	2832	1157	946	151	3320	4	0.0377358	3.6661e+06	3.7861e+06	2.7003e+06	2.8043e+06
3	31	0	5555	3320	1111	928	196	3443	4	0.0377358	3.6661e+06	3.7861e+06	2.7003e+06	2.8043e+06
3	32	0	5913	3443	1363	924	183	3298	4	0.0377358	3.6661e+06	3.7861e+06	2.7003e+06	2.8043e+06
3	33	0	6018	3298	1431	1081	208	3924	4	0.0377358	3.6661e+06	3.7861e+06	2.7003e+06	2.8043e+06
3	34	0	6691	3924	1374	1150	243	4220	4	0.0377358	3.6661e+06	3.7861e+06	2.7003e+06	2.8043e+06
3	35	0	7191	4220	1602	1120	249	4150	4	0.0377358	3.6661e+06	3.7861e+06	2.7003e+06	2.8043e+06
3	36	0	7424	4150	1773	1237	264	4535	4	0.0377358	3.6661e+06	3.7861e+06	2.7003e+06	2.8043e+06
3	37	0	7921	4535	1720	1402	264	4953	4	0.0377358	3.6661e+06	3.7861e+06	2.7003e+06	2.8043e+06
3	38	0	8536	4953	1870	1425	288	4878	4	0.0377358	3.6661e+06	3.7861e+06	2.7003e+06	2.8043e+06
3	39	0	8744	4878	2052	1538	276	5163	4	0.0377358	3.6661e+06	3.7861e+06	2.7003e+06	2.8043e+06
3	40	0	9161	5163	2022	1662	314	5494	4	0.0377358	3.6661e+06	3.7861e+06	2.7003e+06	2.8043e+06
3	41	0	9597	5494	2110	1678	315	5546	4	0.0377358	3.6661e+06	3.7861e+06	2.7003e+06	2.8043e+06
3	42	0	9843	5546	2243	1703	351	5529	4	0.0377358	3.6661e+06	3.7861e+06	2.7003e+06	2.8043e+06
3	43	0	9827	5529	2205	1757	336	5674	4	0.0377358	3.6661e+06	3.7861e+06	2.7003e+06	2.8043e+06
3	44	0	9987	5674	2143	1798	372	5852	4	0.0377358	3.6661e+06	3.7861e+06	2.7003e+06	2.8043e+06
3	45	0	10207	5852	2219	1772	364	5753	4	0.0377358	3.6661e+06	3.7861e+06	2.7003e+06	2.8043e+06
3	46	0	10286	5753	2314	1836	383	6057	4	0.0377358	3.6661e+06	3.7861e+06	2.7003e+06	2.8043e+06
3	47	0	10599	6057	2228	1897	417	6030	4	0.0377358	3.6661e+06	3.7861e+06	2.7003e+06	2.8043e+06
3	48	0	10537	6030	2275	1808	424	5962	5	0.0471698	3.6661e+06	3.7901e+06	2.7003e+06	2.8363e+06
3	49	0	10490	5962	2306	1851	371	5717	4	0.0377358	3.6661e+06	3.7861e+06	2.7003e+06	2.8043e+06
3	50	0	10336	5717	2339	1862	418	6032	5	0.0471698	3.6661e+06	3.8221e+06	2.7003e+06	2.8043e+06
3	51	0	10673	6032	2316	1926	399	6108	5	0.0471698	3.6661e+06	3.7901e+06	2.7003e+06	2.8363e+06
3	52	0	10676	6108	2319	1841	408	5938	5	0.0471698	3.6661e+06	3.7901e+06	2.7003e+06	2.8363e+06
3	53	0	10627	5938	2370	1940	379	6085	5	0.0471698	3.6661e+06	3.8221e+06	2.7003e+06	2.8043e+06
3	54	0	10764	6085	2285	1949	445	6294	6	0.0566038	3.6661e+06	3.8221e+06	2.7003e+06	2.8363e+06
3	55	0	10932	6294	2287	1897	454	6216	6	0.0566038	3.6661e+06	3.8221e+06	2.7003e+06	2.8363e+06
3	56	0	10865	6216	2380	1861	408	5938	6	0.0566038	3.6661e+06	3.8221e+06	2.7003e+06	2.8523e+06
3	57	0	10598	5938	2338	1933	389	6048	7	0.0660377	3.6661e+06	3.8221e+06	2.7003e+06	2.8523e+06
3	58	0	10550	6048	2182	1924	396	6105	6	0.0566038	3.6661e+06	3.8221e+06	2.7003e+06	2.8523e+06
3	59	0	10709	6105	2341	1836	427	6014	7	0.0660377	3.6661e+06	3.8501e+06	2.7003e+06	2.8523e+06
3	60	0	10686	6014	2367	1882	423	6075	7	0.0660377	3.6661e+06	3.8221e+06	2.7003e+06	2.8523e+06
3	61	0	10713	6075	2303	1935	400	6009	7	0.0660377	3.6661e+06	3.8221e+06	2.7003e+06	2.8523e+06
3	62	0	10619	6009	2302	1903	405	6072	8	0.0754717	3.6661e+06	3.8501e+06	2.7003e+06	2.8523e+06
3	63	0	10664	6072	2259	1900	433	6113	8	0.0754717	3.6661e+06	3.8501e+06	2.7003e+06	2.8523e+06
3	64	0	10768	6113	2320	1894	441	6026	8	0.0754717	3.6661e+06	3.8501e+06	2.7003e+06	2.8523e+06
3	65	0	10729	6026	2334	1927	442	6350	8	0.0754717	3.6661e+06	3.8501e+06	2.7003e+06	2.8523e+06
3	66	0	10923	6350	2209	1951	413	6162	8	0.0754717	3.6661e+06	3.8501e+06	2.7003e+06	2.8523e+06
3	67	0	10925	6162	2409	1926	428	6363	8	0.0754717	3.6661e+06	3.8501e+06	2.7003e+06	2.8523e+06
3	68	0	11050	6363	2309	1986	392	6241	8	0.0754717	3.6661e+06	3.8501e+06	2.7003e+06	2.8523e+06
3	69	0	11028	6241	2415	1932	440	6300	8	0.0754717	3.6661e+06	3.8501e+06	2.7003e+06	2.8523e+06
3	70	0	11031	6300	2347	1950	434	6486	8	0.0754717	3.6661e+06	3.8501e+06	2.7003e+06	2.8523e+06
3	71	0	11248	6486	2405	1915	442	6322	8	0.0754717	3.6661e+06	3.8501e+06	2.7003e+06	2.8523e+06
3	72	0	11186	6322	2451	1993	420	6585	8	0.0754717	3.6661e+06	3.8501e+06	2.7003e+06	2.8523e+06
3	73	0	11432	6585	2453	1988	406	6324	8	0.0754717	3.6661e+06	3.8501e+06	2.7003e+06	2.8523e+06
3	74	0	11243	6324	2507	1979	433	6687	8	0.0754717	3.6661e+06	3.8501e+06	2.7003e+06	2.8523e+06
3	75	0	11609	6687	2456	2038	428	6635	8	0.0754717	3.6661e+06	3.8501e+06	2.7003e+06	2.8523e+06
3	76	0	11733	6635	2608	2041	449	6801	8	0.0754717	3.6661e+06	3.8501e+06	2.7003e+06	2.8523e+06
3	77	0	11968	6801	2606	2122	439	7023	8	0.0754717	3.6661e+06	3.8501e+06	2.7003e+06	2.8523e+06
3	78	0	12154	7023	2575	2103	453	6816	8	0.0754717	3.6661e+06	3.8501e+06	2.7003e+06	2.8523e+06
3	79	0	12193	6816	2766	2109	502	7150	8	0.0754717	3.6661e+06	3.8501e+06	2.7003e+06	2.8523e+06
3	80	0	12517	7150	2624	2263	480	7222	8	0.0754717	3.6661e+06	3.8501e+06	2.7003e+06	2.8523e+06
3	81	0	12541	7222	2668	2171	480	7077	8	0.0754717	3.6661e+06	3.8501e+06	2.7003e+06	2.8523e+06
3	82	0	12517	7077	2764	2201	475	7214	9	0.0849057	3.6661e+06	3.8501e+06	2.6683e+06	2.8523e+06
3	83	0	12705	7214	2770	2239	482	7294	8	0.0754717	3.6661e+06	3.8501e+06	2.7003e+06	2.8523e+06
3	84	0	12886	7294	2845	2248	499	7332	10	0.0943396	3.6661e+06	3.8501e+06	2.6683e+06	2.8843e+06
3	85	0	12923	7332	2820	2291	480	7448	10	0.0943396	3.6661e+06	3.8501e+06	2.6683e+06	2.8843e+06
3	86	0	13004	7448	2767	2310	479	7364	12	0.113208	3.6661e+06	3.8621e+06	2.6683e+06	2.8843e+06
3	87	0	13053	7364	2982	2243	464	7250	12	0.113208	3.6661e+06	3.8621e+06	2.6683e+06	2.8843e+06
3	88	0	12944	7250	2791	2407	496	7896	12	0.113208	3.6661e+06	3.8621e+06	2.6683e+06	2.8843e+06
3	89	0	13498	7896	2745	2364	493	7486	12	0.113208	3.6661e+06	3.8621e+06	2.6683e+06	2.8843e+06
3	90	0	13288	7486	2977	2338	487	7640	12	0.113208	3.6661e+06	3.8621e+06	2.6683e+06	2.8843e+06
3	91	0	13428	7640	2892	2373	523	7779	12	0.113208	3.6661e+06	3.8621e+06	2.6683e+06	2.8843e+06
3	92	0	13697	7779	2960	2387	571	7927	12	0.113208	3.6661e+06	3.8621e+06	2.6683e+06	2.8843e+06
3	93	0	13820	7927	2987	2393	513	7714	11	0.103774	3.6661e+06	3.8621e+06	2.6683e+06	2.8843e+06
3	94	0	13745	7714	3069	2422	540	8157	12	0.113208	3.6661e+06	3.8621e+06	2.6683e+06	2.8843e+06
3	95	0	14203	8157	2961	2499	586	8296	12	0.113208	3.6661e+06	3.8621e+06	2.6683e+06	2.8843e+06
3	96	0	14306	8296	3038	2467	505	7948	12	0.113208	3.6661e+06	3.8621e+06	2.6683e+06	2.8843e+06
3	97	0	14143	7948	3179	2488	528	7980	12	0.113208	3.6661e+06	3.8621e+06	2.6683e+06	2.8843e+06
3	98	0	14225	7980	3103	2612	530	8533	12	0.113208	3.6661e+06	3.8621e+06	2.6683e+06	2.8843e+06
3	99	0	14741	8533	3082	2568	558	8464	12	0.113208	3.6661e+06	3.8621e+06	2.6683e+06	2.8843e+06
3	100	0	14746	8464	3170	2560	552	0	12	0.113208	3.6661e+06	3.8621e+06	2.6683e+06	2.8843e+06
4	0	0	40	0	0	20	20	172	1	0.00943396	3.6661e+06	3.7541e+06	2.7443e+06	2.7843e+06
4	1	0	187	172	0	3	12	86	1	0.00943396	3.6661e+06	3.7541e+06	2.7443e+06	2.7843e+06
4	2	0	167	86	76	0	5	37	1	0.00943396	3.6661e+06	3.7541e+06	2.7443e+06	2.7843e+06
4	3	0	118	37	38	42	1	185	1	0.00943396	3.6661e+06	3.7541e+06	2.7443e+06	2.7843e+06
4	4	0	242	185	16	30	11	196	1	0.00943396	3.6661e+06	3.7541e+06	2.7443e+06	2.7843e+06
4	5	0	292	196	67	15	14	132	1	0.00943396	3.6661e+06	3.7541e+06	2.7443e+06	2.7843e+06
4	6	0	258	132	73	49	4	242	1	0.00943396	3.6661e+06	3.7541e+06	2.7443e+06	2.7843e+06
4	7	0	367	242	53	63	9	276	1	0.00943396	3.6661e+06	3.7541e+06	2.7443e+06	2.7843e+06
4	8	0	452	276	104	61	11	336	1	0.00943396	3.6661e+06	3.7541e+06	2.7443e+06	2.7843e+06
4	9	0	556	336	124	78	18	381	1	0.00943396	3.6661e+06	3.7541e+06	2.7443e+06	2.7843e+06
4	10	0	654	381	152	107	14	519	1	0.00943396	3.6661e+06	3.7541e+06	2.7443e+06	2.7843e+06
4	11	0	834	519	169	128	18	577	1	0.00943396	3.6661e+06	3.7541e+06	2.7443e+06	2.7843e+06
4	12	0	948	577	213	125	33	677	2	0.0188679	3.6661e+06	3.7541e+06	2.7003e+06	2.7843e+06
4	13	0	1104	677	249	150	28	697	1	0.00943396	3.6661e+06	3.7541e+06	2.7443e+06	2.7843e+06
4	14	0	1201	697	291	183	30	880	1	0.00943396	3.6661e+06	3.7541e+06	2.7443e+06	2.7843e+06
4	15	0	1449	880	311	219	39	974	1	0.00943396	3.6661e+06	3.7541e+06	2.7443e+06	2.7843e+06
4	16	0	1652	974	387	246	45	1097	1	0.00943396	3.6661e+06	3.7541e+06	2.7443e+06	2.7843e+06
4	17	0	1858	1097	410	304	47	1329	2	0.0188679	3.6661e+06	3.7541e+06	2.7003e+06	2.7843e+06
4	18	0	2208	1329	487	339	53	1360	2	0.0188679	3.6661e+06	3.7541e+06	2.7003e+06	2.7843e+06
4	19	0	2377	1360	563	384	70	1572	2	0.0188679	3.6661e+06	3.7541e+06	2.7003e+06	2.7843e+06
4	20	0	2664	1572	578	444	70	1658	2	0.0188679	3.6661e+06	3.7541e+06	2.7003e+06	2.7843e+06
4	21	0	2860	1658	665	448	89	1688	2	0.0188679	3.6661e+06	3.7541e+06	2.7003e+06	2.7843e+06
4	22	0	2992	1688	688	519	97	1878	2	0.0188679	3.6661e+06	3.7541e+06	2.7003e+06	2.7843e+06
4	23	0	3268	1878	735	553	102	1978	2	0.0188679	3.6661e+06	3.7541e+06	2.7003e+06	2.7843e+06
4	24	0	3452	1978	756	592	126	2162	3	0.0283019	3.6661e+06	3.7861e+06	2.7003e+06	2.7843e+06
4	25	0	3710	2162	815	611	122	2181	4	0.0377358	3.6661e+06	3.7861e+06	2.7003e+06	2.8043e+06
4	26	0	3860	2181	895	652	132	2315	4	0.0377358	3.6661e+06	3.7861e+06	2.7003e+06	2.8043e+06
4	27	0	4076	2315	900	746	115	2443	3	0.0283019	3.6661e+06	3.7861e+06	2.7003e+06	2.7843e+06
4	28	0	4247	2443	932	731	141	2562	3	0.0283019	3.6661e+06	3.7861e+06	2.7003e+06	2.7843e+06
4	29	0	4424	2562	943	769	150	2656	4	0.0377358	3.6661e+06	3.7861e+06	2.7003e+06	2.8043e+06
4	30	0	4644	2656	1041	777	170	2698	4	0.0377358	3.6661e+06	3.7861e+06	2.7003e+06	2.8043e+06
4	31	0	4761	2698	1042	855	166	3022	4	0.0377358	3.6661e+06	3.7861e+06	2.7003e+06	2.8043e+06
4	32	0	5122	3022	1083	833	184	3046	4	0.0377358	3.6661e+06	3.7861e+06	2.7003e+06	2.8043e+06
4	33	0	5324	3046	1244	858	176	3113	4	0.0377358	3.6661e+06	3.7861e+06	2.7003e+06	2.8043e+06
4	34	0	5475	3113	1223	945	194	3552	4	0.0377358	3.6661e+06	3.7861e+06	2.7003e+06	2.8043e+06
4	35	0	6019	3552	1291	982	194	3563	4	0.0377358	3.6661e+06	3.7861e+06	2.7003e+06	2.8043e+06
4	36	0	6332	3563	1483	1052	234	3938	4	0.0377358	3.6661e+06	3.7861e+06	2.7003e+06	2.8043e+06
4	37	0	6861	3938	1457	1230	236	4356	4	0.0377358	3.6661e+06	3.7861e+06	2.7003e+06	2.8043e+06
4	38	0	7439	4356	1611	1182	290	4509	4	0.0377358	3.6661e+06	3.7861e+06	2.7003e+06	2.8043e+06
4	39	0	7855	4509	1797	1256	293	4452	4	0.0377358	3.6661e+06	3.7861e+06	2.7003e+06	2.8043e+06
4	40	0	8027	4452	1820	1451	304	5133	4	0.0377358	3.6661e+06	3.7861e+06	2.7003e+06	2.8043e+06
4	41	0	8731	5133	1780	1522	296	5089	4	0.0377358	3.6661e+06	3.7861e+06	2.7003e+06	2.8043e+06
4	42	0	8969	5089	2139	1445	296	5084	4	0.0377358	3.6661e+06	3.7861e+06	2.7003e+06	2.8043e+06
4	43	0	9229	5084	2102	1712	331	5605	4	0.0377358	3.6661e+06	3.7861e+06	2.7003e+06	2.8043e+06
4	44	0	9736	5605	2031	1744	356	5700	4	0.0377358	3.6661e+06	3.7861e+06	2.7003e+06	2.8043e+06
4	45	0	9985	5700	2224	1700	361	5609	4	0.0377358	3.6661e+06	3.7861e+06	2.7003e+06	2.8043e+06
4	46	0	10017	5609	2191	1859	358	6013	5	0.0471698	3.6661e+06	3.8501e+06	2.7003e+06	2.8043e+06
4	47	0	10373	6013	2190	1794	376	5732	4	0.0377358	3.6661e+06	3.7861e+06	2.7003e+06	2.8043e+06
4	48	0	10235	5732	2280	1818	405	5918	6	0.0566038	3.6661e+06	3.8501e+06	2.7003e+06	2.8363e+06
4	49	0	10403	5918	2215	1876	394	6014	6	0.0566038	3.6661e+06	3.8501e+06	2.7003e+06	2.8363e+06
4	50	0	10605	6014	2335	1808	448	5892	4	0.0377358	3.6661e+06	3.7861e+06	2.7003e+06	2.8043e+06
4	51	0	10532	5892	2314	1896	430	6149	5	0.0471698	3.6661e+06	3.7901e+06	2.7003e+06	2.8363e+06
4	52	0	10708	6149	2245	1887	427	6060	7	0.0660377	3.6661e+06	3.8501e+06	2.7003e+06	2.8723e+06
4	53	0	10578	6060	2281	1803	434	5965	6	0.0566038	3.6661e+06	3.7901e+06	2.7003e+06	2.8723e+06
4	54	0	10489	5965	2361	1743	420	5730	5	0.0471698	3.6661e+06	3.7901e+06	2.7003e+06	2.8363e+06
4	55	0	10331	5730	2340	1877	384	6143	5	0.0471698	3.6661e+06	3.7901e+06	2.7003e+06	2.8363e+06
4	56	0	10664	6143	2211	1909	401	6035	6	0.0566038	3.6661e+06	3.7901e+06	2.7003e+06	2.8723e+06
4	57	0	10639	6035	2331	1857	416	6075	5	0.0471698	3.6661e+06	3.7901e+06	2.7003e+06	2.8363e+06
4	58	0	10723	6075	2302	1934	412	6138	5	0.0471698	3.6661e+06	3.7901e+06	2.7003e+06	2.8363e+06
4	59	0	10705	6138	2318	1827	422	5874	6	0.0566038	3.6661e+06	3.7901e+06	2.7003e+06	2.8723e+06
4	60	0	10566	5874	2389	1922	381	6059	6	0.0566038	3.6661e+06	3.7901e+06	2.7003e+06	2.8723e+06
4	61	0	10743	6059	2287	1986	411	6344	5	0.0471698	3.6661e+06	3.7901e+06	2.7003e+06	2.8363e+06
4	62	0	10971	6344	2337	1850	440	5888	6	0.0566038	3.6661e+06	3.7901e+06	2.7003e+06	2.8723e+06
4	63	0	10627	5888	2438	1898	403	6272	6	0.0566038	3.6661e+06	3.7901e+06	2.7003e+06	2.8723e+06
4	64	0	10878	6272	2241	1940	425	6082	7	0.0660377	3.6661e+06	3.8101e+06	2.7003e+06	2.8723e+06
4	65	0	10828	6082	2419	1912	415	6199	7	0.0660377	3.6661e+06	3.8221e+06	2.6683e+06	2.8723e+06
4	66	0	10891	6199	2353	1932	407	6108	6	0.0566038	3.6661e+06	3.7901e+06	2.7003e+06	2.8723e+06
4	67	0	10937	6108	2424	1987	418	6394	7	0.0660377	3.6661e+06	3.8221e+06	2.7003e+06	2.8723e+06
4	68	0	11192	6394	2396	1999	403	6302	8	0.0754717	3.6661e+06	3.8221e+06	2.6683e+06	2.8723e+06
4	69	0	11153	6302	2427	1994	430	6410	8	0.0754717	3.6661e+06	3.8221e+06	2.7003e+06	2.8723e+06
4	70	0	11239	6410	2406	1977	446	6302	7	0.0660377	3.6661e+06	3.8221e+06	2.7003e+06	2.8723e+06
4	71	0	11158	6302	2440	1995	421	6287	8	0.0754717	3.6661e+06	3.8221e+06	2.6683e+06	2.8723e+06
4	72	0	11165	6287	2414	2010	454	6665	9	0.0849057	3.6661e+06	3.8221e+06	2.6683e+06	2.8723e+06
4	73	0	11472	6665	2355	2008	444	6475	9	0.0849057	3.6661e+06	3.8221e+06	2.6683e+06	2.8723e+06
4	74	0	11384	6475	2530	1920	459	6266	9	0.0849057	3.6661e+06	3.8221e+06	2.6683e+06	2.8723e+06
4	75	0	11247	6266	2471	2068	442	6664	8	0.0754717	3.6661e+06	3.8221e+06	2.7003e+06	2.8723e+06
4	76	0	11461	6664	2340	2033	424	6361	9	0.0849057	3.6661e+06	3.8221e+06	2.6683e+06	2.8723e+06
4	77	0	11276	6361	2534	1937	444	6316	9	0.0849057	3.6661e+06	3.8221e+06	2.6683e+06	2.8723e+06
4	78	0	11279	6316	2463	2047	453	6698	9	0.0849057	3.6661e+06	3.8221e+06	2.6683e+06	2.8723e+06
4	79	0	11620	6698	2448	2020	454	6507	9	0.0849057	3.6661e+06	3.8221e+06	2.6683e+06	2.8723e+06
4	80	0	11483	6507	2517	2004	455	6557	9	0.0849057	3.6661e+06	3.8221e+06	2.6683e+06	2.8723e+06
4	81	0	11618	6557	2490	2087	484	6837	10	0.0943396	3.6661e+06	3.8501e+06	2.6683e+06	2.8723e+06
4	82	0	11828	6837	2547	1965	479	6629	9	0.0849057	3.6661e+06	3.8221e+06	2.6683e+06	2.8723e+06
4	83	0	11747	6629	2644	2013	461	6569	9	0.0849057	3.6661e+06	3.8221e+06	2.6683e+06	2.8723e+06
4	84	0	11774	6569	2626	2136	443	6837	10	0.0943396	3.6661e+06	3.8501e+06	2.6683e+06	2.8723e+06
4	85	0	12140	6837	2641	2170	492	7193	10	0.0943396	3.6661e+06	3.8501e+06	2.6683e+06	2.8723e+06
4	86	0	12519	7193	2657	2178	491	6998	9	0.0849057	3.6661e+06	3.8221e+06	2.6683e+06	2.8723e+06
4	87	0	12425	6998	2791	2177	459	6924	10	0.0943396	3.6661e+06	3.8501e+06	2.6683e+06	2.8723e+06
4	88	0	12410	6924	2677	2342	467	7482	11	0.103774	3.6661e+06	3.8501e+06	2.6683e+06	2.8843e+06
4	89	0	12917	7482	2624	2346	465	7362	12	0.113208	3.6661e+06	3.8501e+06	2.6683e+06	2.8923e+06
4	90	0	12830	7362	2790	2154	524	7151	12	0.113208	3.6661e+06	3.8501e+06	2.6683e+06	2.8923e+06
4	91	0	12841	7151	2905	2268	517	7535	12	0.113208	3.6661e+06	3.8501e+06	2.6683e+06	2.8923e+06
4	92	0	13095	7535	2735	2337	488	7499	11	0.103774	3.6661e+06	3.8221e+06	2.6683e+06	2.8923e+06
4	93	0	13230	7499	2891	2331	509	7332	12	0.113208	3.6661e+06	3.8501e+06	2.6683e+06	2.8923e+06
4	94	0	13112	7332	2887	2373	520	7905	11	0.103774	3.6661e+06	3.8221e+06	2.6683e+06	2.8923e+06
4	95	0	13609	7905	2830	2353	521	7626	11	0.103774	3.6661e+06	3.8221e+06	2.6683e+06	2.8923e+06
4	96	0	13464	7626	2999	2354	485	7514	12	0.113208	3.6661e+06	3.8501e+06	2.6683e+06	2.8923e+06
4	97	0	13339	7514	2945	2360	520	7834	12	0.113208	3.6661e+06	3.8501e+06	2.6683e+06	2.8923e+06
4	98	0	13693	7834	2945	2403	511	7809	12	0.113208	3.6661e+06	3.8501e+06	2.6683e+06	2.8923e+06
4	99	0	13773	7809	3032	2436	496	7885	13	0.122642	3.6661e+06	3.8621e+06	2.6683e+06	2.8923e+06
4	100	0	13832	7885	2919	2500	528	0	13	0.122642	3.6661e+06	3.8621e+06	2.6683e+06	2.8923e+06
5	0	0	40	0	0	20	20	189	1	0.00943396	3.6661e+06	3.7541e+06	2.7443e+06	2.7843e+06
5	1	0	202	189	0	7	6	65	1	0.00943396	3.6661e+06	3.7541e+06	2.7443e+06	2.7843e+06
5	2	0	135	65	65	3	2	22	1	0.00943396	3.6661e+06	3.7541e+06	2.7443e+06	2.7843e+06
5	3	0	91	22	26	41	2	184	1	0.00943396	3.6661e+06	3.7541e+06	2.7443e+06	2.7843e+06
5	4	0	230	184	10	30	6	177	1	0.00943396	3.6661e+06	3.7541e+06	2.7443e+06	2.7843e+06
5	5	0	272	177	75	12	8	100	1	0.00943396	3.6661e+06	3.7541e+06	2.7443e+06	2.7843e+06
5	6	0	224	100	78	45	1	191	1	0.00943396	3.6661e+06	3.7541e+06	2.7443e+06	2.7843e+06
5	7	0	309	191	46	64	8	301	1	0.00943396	3.6661e+06	3.7541e+06	2.7443e+06	2.7843e+06
5	8	0	422	301	71	37	13	234	1	0.00943396	3.6661e+06	3.7541e+06	2.7443e+06	2.7843e+06
5	9	0	429	234	129	59	7	271	1	0.00943396	3.6661e+06	3.7541e+06	2.7443e+06	2.7843e+06
5	10	0	489	271	101	105	12	512	1	0.00943396	3.6661e+06	3.7541e+06	2.7443e+06	2.7843e+06
5	11	0	749	512	125	93	19	464	1	0.00943396	3.6661e+06	3.7541e+06	2.7443e+06	2.7843e+06
5	12	0	776	464	194	104	14	479	1	0.00943396	3.6661e+06	3.7541e+06	2.7443e+06	2.7843e+06
5	13	0	835	479	196	136	24	624	1	0.00943396	3.6661e+06	3.7541e+06	2.7443e+06	2.7843e+06
5	14	0	999	624	208	138	29	695	1	0.00943396	3.6661e+06	3.7541e+06	2.7443e+06	2.7843e+06
5	15	0	1144	695	259	150	40	790	1	0.00943396	3.6661e+06	3.7541e+06	2.7443e+06	2.7843e+06
5	16	0	1298	790	287	186	35	873	1	0.00943396	3.6661e+06	3.7541e+06	2.7443e+06	2.7843e+06
5	17	0	1464	873	328	221	42	967	1	0.00943396	3.6661e+06	3.7541e+06	2.7443e+06	2.7843e+06
5	18	0	1641	967	362	273	39	1166	1	0.00943396	3.6661e+06	3.7541e+06	2.7443e+06	2.7843e+06
5	19	0	1911	1166	400	305	40	1173	2	0.0188679	3.6661e+06	3.7541e+06	2.7003e+06	2.7843e+06
5	20	0	2072	1173	500	327	72	1464	1	0.00943396	3.6661e+06	3.7541e+06	2.7443e+06	2.7843e+06
5	21	0	2406	1464	495	383	64	1566	1	0.00943396	3.6661e+06	3.7541e+06	2.7443e+06	2.7843e+06
5	22	0	2702	1566	642	410	84	1599	2	0.0188679	3.6661e+06	3.7541e+06	2.7003e+06	2.7843e+06
5	23	0	2876	1599	685	506	86	1811	2	0.0188679	3.6661e+06	3.7541e+06	2.7003e+06	2.7843e+06
5	24	0	3129	1811	660	561	97	1999	3	0.0283019	3.6661e+06	3.7861e+06	2.7003e+06	2.7843e+06
5	25	0	3383	1999	729	551	104	1942	3	0.0283019	3.6661e+06	3.7861e+06	2.7003e+06	2.7843e+06
5	26	0	3437	1942	806	581	108	2078	3	0.0283019	3.6661e+06	3.7861e+06	2.7003e+06	2.7843e+06
5	27	0	3607	2078	798	614	117	2210	3	0.0283019	3.6661e+06	3.7861e+06	2.7003e+06	2.7843e+06
5	28	0	3857	2210	860	651	136	2286	3	0.0283019	3.6661e+06	3.7861e+06	2.7003e+06	2.7843e+06
5	29	0	4094	2286	972	675	161	2411	3	0.0283019	3.6661e+06	3.7861e+06	2.7003e+06	2.7843e+06
5	30	0	4264	2411	934	759	160	2571	4	0.0377358	3.6661e+06	3.7861e+06	2.7003e+06	2.8043e+06
5	31	0	4518	2571	1012	770	165	2724	4	0.0377358	3.6661e+06	3.7861e+06	2.7003e+06	2.8043e+06
5	32	0	4828	2724	1086	827	191	3036	4	0.0377358	3.6661e+06	3.7861e+06	2.7003e+06	2.8043e+06
5	33	0	5238	3036	1146	867	189	3009	4	0.0377358	3.6661e+06	3.7861e+06	2.7003e+06	2.8043e+06
5	34	0	5353	3009	1220	943	181	3304	4	0.0377358	3.6661e+06	3.7861e+06	2.7003e+06	2.8043e+06
5	35	0	5683	3304	1187	980	212	3655	4	0.0377358	3.6661e+06	3.7861e+06	2.7003e+06	2.8043e+06
5	36	0	6215	3655	1327	1007	226	3674	4	0.0377358	3.6661e+06	3.7861e+06	2.7003e+06	2.8043e+06
5	37	0	6556	3674	1557	1109	216	3983	4	0.0377358	3.6661e+06	3.7861e+06	2.7003e+06	2.8043e+06
5	38	0	7010	3983	1506	1289	232	4504	4	0.0377358	3.6661e+06	3.7861e+06	2.7003e+06	2.8043e+06
5	39	0	7595	4504	1599	1236	256	4377	4	0.0377358	3.6661e+06	3.7861e+06	2.7003e+06	2.8043e+06
5	40	0	7787	4377	1854	1290	266	4649	4	0.0377358	3.6661e+06	3.7861e+06	2.7003e+06	2.8043e+06
5	41	0	8209	4649	1816	1503	241	4961	4	0.0377358	3.6661e+06	3.7861e+06	2.7003e+06	2.8043e+06
5	42	0	8646	4961	1889	1495	301	5046	4	0.0377358	3.6661e+06	3.7861e+06	2.7003e+06	2.8043e+06
5	43	0	8890	5046	1972	1587	285	5208	4	0.0377358	3.6661e+06	3.7861e+06	2.7003e+06	2.8043e+06
5	44	0	9236	5208	2087	1626	315	5420	4	0.0377358	3.6661e+06	3.7861e+06	2.7003e+06	2.8043e+06
5	45	0	9584	5420	2077	1754	333	5631	4	0.0377358	3.6661e+06	3.7861e+06	2.7003e+06	2.8043e+06
5	46	0	9865	5631	2159	1716	359	5534	4	0.0377358	3.6661e+06	3.7861e+06	2.7003e+06	2.8043e+06
5	47	0	9866	5534	2192	1751	389	5810	4	0.0377358	3.6661e+06	3.7861e+06	2.7003e+06	2.8043e+06
5	48	0	10194	5810	2217	1769	398	5836	4	0.0377358	3.6661e+06	3.7861e+06	2.7003e+06	2.8043e+06
5	49	0	10226	5836	2199	1797	394	5790	4	0.0377358	3.6661e+06	3.7861e+06	2.7003e+06	2.8043e+06
5	50	0	10346	5790	2335	1832	389	5839	5	0.0471698	3.6661e+06	3.7901e+06	2.7003e+06	2.8363e+06
5	51	0	10435	5839	2316	1901	379	6002	4	0.0377358	3.6661e+06	3.7861e+06	2.7003e+06	2.8043e+06
5	52	0	10489	6002	2221	1857	409	6085	4	0.0377358	3.6661e+06	3.7861e+06	2.7003e+06	2.8043e+06
5	53	0	10591	6085	2263	1832	411	5870	4	0.0377358	3.6661e+06	3.7861e+06	2.7003e+06	2.8043e+06
5	54	0	10471	5870	2354	1832	415	5998	5	0.0471698	3.6661e+06	3.7901e+06	2.7003e+06	2.8363e+06
5	55	0	10625	5998	2262	1949	416	6085	4	0.0377358	3.6661e+06	3.7861e+06	2.7003e+06	2.8043e+06
5	56	0	10678	6085	2296	1860	437	6066	5	0.0471698	3.6661e+06	3.8101e+06	2.7003e+06	2.8523e+06
5	57	0	10693	6066	2310	1888	429	6114	6	0.0566038	3.6661e+06	3.8101e+06	2.7003e+06	2.8523e+06
5	58	0	10710	6114	2260	1894	442	6072	4	0.0377358	3.6661e+06	3.7861e+06	2.7003e+06	2.8043e+06
5	59	0	10685	6072	2315	1857	441	6081	6	0.0566038	3.6661e+06	3.8221e+06	2.7003e+06	2.8523e+06
5	60	0	10689	6081	2288	1916	404	6084	6	0.0566038	3.6661e+06	3.8101e+06	2.7003e+06	2.8523e+06
5	61	0	10683	6084	2307	1875	417	5910	6	0.0566038	3.6661e+06	3.8101e+06	2.7003e+06	2.8523e+06
5	62	0	10500	5910	2310	1876	404	6011	6	0.0566038	3.6661e+06	3.8101e+06	2.7003e+06	2.8523e+06
5	63	0	10603	6011	2250	1937	405	6110	7	0.0660377	3.6661e+06	3.8221e+06	2.7003e+06	2.8523e+06
5	64	0	10702	6110	2280	1910	402	6136	6	0.0566038	3.6661e+06	3.8101e+06	2.7003e+06	2.8523e+06
5	65	0	10813	6136	2389	1885	403	5921	6	0.0566038	3.6661e+06	3.8101e+06	2.7003e+06	2.8523e+06
5	66	0	10675	5921	2390	1953	411	6342	7	0.0660377	3.6661e+06	3.8221e+06	2.7003e+06	2.8523e+06
5	67	0	11015	6342	2266	1970	437	6285	6	0.0566038	3.6661e+06	3.8101e+06	2.7003e+06	2.8523e+06
5	68	0	10919	6285	2382	1831	421	5976	6	0.0566038	3.6661e+06	3.8101e+06	2.7003e+06	2.8523e+06
5	69	0	10734	5976	2447	1904	407	6254	6	0.0566038	3.6661e+06	3.8101e+06	2.7003e+06	2.8523e+06
5	70	0	10891	6254	2256	1969	412	6201	6	0.0566038	3.6661e+06	3.8101e+06	2.7003e+06	2.8523e+06
5	71	0	10897	6201	2384	1900	412	5986	7	0.0660377	3.6661e+06	3.8221e+06	2.7003e+06	2.8523e+06
5	72	0	10728	5986	2366	1986	390	6396	8	0.0754717	3.6661e+06	3.8621e+06	2.7003e+06	2.8523e+06
5	73	0	11007	6396	2264	1930	417	6115	7	0.0660377	3.6661e+06	3.8221e+06	2.7003e+06	2.8523e+06
5	74	0	10835	6115	2404	1903	413	6275	7	0.0660377	3.6661e+06	3.8221e+06	2.7003e+06	2.8523e+06
5	75	0	11057	6275	2377	1945	460	6418	9	0.0849057	3.6661e+06	3.8621e+06	2.7003e+06	2.8523e+06
5	76	0	11165	6418	2355	1959	433	6431	9	0.0849057	3.6661e+06	3.8621e+06	2.7003e+06	2.8523e+06
5	77	0	11315	6431	2458	1995	431	6494	7	0.0660377	3.6661e+06	3.8221e+06	2.7003e+06	2.8523e+06
5	78	0	11316	6494	2418	2008	396	6292	9	0.0849057	3.6661e+06	3.8621e+06	2.7003e+06	2.8523e+06
5	79	0	11185	6292	2545	1917	431	6426	9	0.0849057	3.6661e+06	3.8621e+06	2.7003e+06	2.8523e+06
5	80	0	11307	6426	2396	2068	417	6804	8	0.0754717	3.6661e+06	3.8621e+06	2.7003e+06	2.8523e+06
5	81	0	11727	6804	2460	2008	455	6611	9	0.0849057	3.6661e+06	3.8621e+06	2.7003e+06	2.8523e+06
5	82	0	11580	6611	2492	2033	444	6699	9	0.0849057	3.6661e+06	3.8621e+06	2.7003e+06	2.8523e+06
5	83	0	11807	6699	2564	2068	476	6896	9	0.0849057	3.6661e+06	3.8621e+06	2.7003e+06	2.8523e+06
5	84	0	12073	6896	2602	2111	464	6758	9	0.0849057	3.6661e+06	3.8621e+06	2.7003e+06	2.8523e+06
5	85	0	12002	6758	2671	2143	430	6877	9	0.0849057	3.6661e+06	3.8621e+06	2.7003e+06	2.8523e+06
5	86	0	12107	6877	2606	2195	429	6849	9	0.0849057	3.6661e+06	3.8621e+06	2.7003e+06	2.8523e+06
5	87	0	12168	6849	2655	2191	473	6962	10	0.0943396	3.6661e+06	3.8621e+06	2.7003e+06	2.8843e+06
5	88	0	12341	6962	2689	2227	463	7172	10	0.0943396	3.6661e+06	3.8621e+06	2.7003e+06	2.8843e+06
5	89	0	12619	7172	2712	2239	496	7040	10	0.0943396	3.6661e+06	3.8621e+06	2.7003e+06	2.8843e+06
5	90	0	12445	7040	2716	2220	469	6943	10	0.0943396	3.6661e+06	3.8621e+06	2.7003e+06	2.8843e+06
5	91	0	12475	6943	2769	2253	510	7408	10	0.0943396	3.6661e+06	3.8621e+06	2.7003e+06	2.8843e+06
5	92	0	12749	7408	2589	2275	477	7265	10	0.0943396	3.6661e+06	3.8621e+06	2.7003e+06	2.8843e+06
5	93	0	12816	7265	2859	2195	497	7021	10	0.0943396	3.6661e+06	3.8621e+06	2.7003e+06	2.8843e+06
5	94	0	12691	7021	2813	2382	475	7773	10	0.0943396	3.6661e+06	3.8621e+06	2.7003e+06	2.8843e+06
5	95	0	13281	7773	2694	2320	494	7293	10	0.0943396	3.6661e+06	3.8621e+06	2.7003e+06	2.8843e+06
5	96	0	12889	7293	2879	2239	478	7390	10	0.0943396	3.6661e+06	3.8621e+06	2.7003e+06	2.8843e+06
5	97	0	12983	7390	2757	2363	473	7649	11	0.103774	3.6661e+06	3.8621e+06	2.7003e+06	2.8923e+06
5	98	0	13340	7649	2874	2331	486	7401	10	0.0943396	3.6661e+06	3.8621e+06	2.7003e+06	2.8843e+06
5	99	0	13204	7401	2941	2369	493	7752	11	0.103774	3.6661e+06	3.8621e+06	2.6683e+06	2.8843e+06
5	100	0	13562	7752	2876	2419	515	0	11	0.103774	3.6661e+06	3.8621e+06	2.6683e+06	2.8843e+06
6	0	0	40	0	0	20	20	203	1	0.00943396	3.6661e+06	3.7541e+06	2.7443e+06	2.7843e+06
6	1	0	215	203	0	6	6	70	1	0.00943396	3.6661e+06	3.7541e+06	2.7443e+06	2.7843e+06
6	2	0	161	70	88	2	1	18	1	0.00943396	3.6661e+06	3.7541e+06	2.7443e+06	2.7843e+06
6	3	0	111	18	34	59	0	253	1	0.00943396	3.6661e+06	3.7541e+06	2.7443e+06	2.7843e+06
6	4	0	313	253	9	40	11	249	1	0.00943396	3.6661e+06	3.7541e+06	2.7443e+06	2.7843e+06
6	5	0	375	249	98	17	11	133	1	0.00943396	3.6661e+06	3.7541e+06	2.7443e+06	2.7843e+06
6	6	0	312	133	101	72	6	324	1	0.00943396	3.6661e+06	3.7541e+06	2.7443e+06	2.7843e+06
6	7	0	475	324	61	79	11	397	1	0.00943396	3.6661e+06	3.7541e+06	2.7443e+06	2.7843e+06
6	8	0	618	397	149	60	12	349	1	0.00943396	3.6661e+06	3.7541e+06	2.7443e+06	2.7843e+06
6	9	0	637	349	178	104	6	447	1	0.00943396	3.6661e+06	3.7541e+06	2.7443e+06	2.7843e+06
6	10	0	758	447	161	134	16	643	1	0.00943396	3.6661e+06	3.7541e+06	2.7443e+06	2.7843e+06
6	11	0	987	643	178	142	24	711	1	0.00943396	3.6661e+06	3.7541e+06	2.7443e+06	2.7843e+06
6	12	0	1159	711	276	148	24	683	1	0.00943396	3.6661e+06	3.7541e+06	2.7443e+06	2.7843e+06
6	13	0	1239	683	304	217	35	1025	1	0.00943396	3.6661e+06	3.7541e+06	2.7443e+06	2.7843e+06
6	14	0	1590	1025	301	231	33	962	1	0.00943396	3.6661e+06	3.7541e+06	2.7443e+06	2.7843e+06
6	15	0	1694	962	430	248	54	1194	1	0.00943396	3.6661e+06	3.7541e+06	2.7443e+06	2.7843e+06
6	16	0	1928	1194	377	313	44	1243	1	0.00943396	3.6661e+06	3.7541e+06	2.7443e+06	2.7843e+06
6	17	0	2129	1243	506	316	64	1308	1	0.00943396	3.6661e+06	3.7541e+06	2.7443e+06	2.7843e+06
6	18	0	2300	1308	523	389	80	1571	1	0.00943396	3.6661e+06	3.7541e+06	2.7443e+06	2.7843e+06
6	19	0	2610	1571	530	423	86	1678	1	0.00943396	3.6661e+06	3.7541e+06	2.7443e+06	2.7843e+06
6	20	0	2888	1678	678	428	104	1727	1	0.00943396	3.6661e+06	3.7541e+06	2.7443e+06	2.7843e+06
6	21	0	3087	1727	734	518	108	1949	2	0.0188679	3.6661e+06	3.7541e+06	2.7003e+06	2.7843e+06
6	22	0	3428	1949	769	589	121	2148	3	0.0283019	3.6661e+06	3.7581e+06	2.7003e+06	2.8043e+06
6	23	0	3681	2148	793	609	131	2168	3	0.0283019	3.6661e+06	3.7861e+06	2.7003e+06	2.7843e+06
6	24	0	3819	2168	876	641	134	2150	4	0.0377358	3.6661e+06	3.7861e+06	2.7003e+06	2.8043e+06
6	25	0	3843	2150	876	692	125	2365	4	0.0377358	3.6661e+06	3.7861e+06	2.7003e+06	2.8043e+06
6	26	0	4095	2365	897	686	147	2446	4	0.0377358	3.6661e+06	3.7861e+06	2.7003e+06	2.8043e+06
6	27	0	4272	2446	953	711	162	2532	4	0.0377358	3.6661e+06	3.7861e+06	2.7003e+06	2.8043e+06
6	28	0	4437	2532	990	763	152	2662	4	0.0377358	3.6661e+06	3.7861e+06	2.7003e+06	2.8043e+06
6	29	0	4656	2662	1031	805	158	2740	4	0.0377358	3.6661e+06	3.7861e+06	2.7003e+06	2.8043e+06
6	30	0	4826	2740	1069	855	162	2993	4	0.0377358	3.6661e+06	3.7861e+06	2.7003e+06	2.8043e+06
6	31	0	5170	2993	1141	863	173	3083	4	0.0377358	3.6661e+06	3.7861e+06	2.7003e+06	2.8043e+06
6	32	0	5339	3083	1216	883	157	3128	4	0.0377358	3.6661e+06	3.7861e+06	2.7003e+06	2.8043e+06
6	33	0	5607	3128	1308	983	188	3744	4	0.0377358	3.6661e+06	3.7861e+06	2.7003e+06	2.8043e+06
6	34	0	6315	3744	1291	1081	199	3900	4	0.0377358	3.6661e+06	3.7861e+06	2.7003e+06	2.8043e+06
6	35	0	6679	3900	1483	1072	224	3940	4	0.0377358	3.6661e+06	3.7861e+06	2.7003e+06	2.8043e+06
6	36	0	6942	3940	1576	1188	238	4350	4	0.0377358	3.6661e+06	3.7861e+06	2.7003e+06	2.8043e+06
6	37	0	7454	4350	1595	1261	248	4609	4	0.0377358	3.6661e+06	3.7861e+06	2.7003e+06	2.8043e+06
6	38	0	7926	4609	1751	1314	252	4644	4	0.0377358	3.6661e+06	3.7861e+06	2.7003e+06	2.8043e+06
6	39	0	8199	4644	1892	1385	278	4940	4	0.0377358	3.6661e+06	3.7861e+06	2.7003e+06	2.8043e+06
6	40	0	8724	4940	1925	1564	295	5292	4	0.0377358	3.6661e+06	3.7861e+06	2.7003e+06	2.8043e+06
6	41	0	9173	5292	2018	1531	332	5255	4	0.0377358	3.6661e+06	3.7861e+06	2.7003e+06	2.8043e+06
6	42	0	9318	5255	2092	1589	382	5428	4	0.0377358	3.6661e+06	3.7861e+06	2.7003e+06	2.8043e+06
6	43	0	9630	5428	2182	1689	331	5634	4	0.0377358	3.6661e+06	3.7861e+06	2.7003e+06	2.8043e+06
6	44	0	9948	5634	2151	1829	334	5705	5	0.0471698	3.6661e+06	3.7901e+06	2.7003e+06	2.8363e+06
6	45	0	10092	5705	2219	1771	397	5875	4	0.0377358	3.6661e+06	3.7861e+06	2.7003e+06	2.8043e+06
6	46	0	10282	5875	2201	1819	387	5912	5	0.0471698	3.6661e+06	3.8221e+06	2.6683e+06	2.8043e+06
6	47	0	10353	5912	2285	1752	404	5795	5	0.0471698	3.6661e+06	3.7901e+06	2.7003e+06	2.8363e+06
6	48	0	10272	5795	2257	1830	390	5815	4	0.0377358	3.6661e+06	3.7861e+06	2.7003e+06	2.8043e+06
6	49	0	10431	5815	2372	1834	410	6000	4	0.0377358	3.6661e+06	3.7861e+06	2.7003e+06	2.8043e+06
6	50	0	10553	6000	2260	1891	402	6017	5	0.0471698	3.6661e+06	3.7901e+06	2.7003e+06	2.8363e+06
6	51	0	10534	6017	2246	1844	427	5885	5	0.0471698	3.6661e+06	3.7901e+06	2.7003e+06	2.8363e+06
6	52	0	10472	5885	2356	1827	404	5922	5	0.0471698	3.6661e+06	3.8101e+06	2.7003e+06	2.8523e+06
6	53	0	10633	5922	2352	1966	393	6096	7	0.0660377	3.6661e+06	3.8221e+06	2.7003e+06	2.8523e+06
6	54	0	10716	6096	2260	1951	409	6263	6	0.0566038	3.6661e+06	3.8101e+06	2.7003e+06	2.8523e+06
6	55	0	10828	6263	2293	1850	422	5813	4	0.0377358	3.6661e+06	3.7861e+06	2.7003e+06	2.8043e+06
6	56	0	10486	5813	2393	1863	417	6094	5	0.0471698	3.6661e+06	3.7901e+06	2.7003e+06	2.8363e+06
6	57	0	10613	6094	2214	1902	403	6086	6	0.0566038	3.6661e+06	3.8101e+06	2.7003e+06	2.8523e+06
6	58	0	10649	6086	2340	1832	391	5858	6	0.0566038	3.6661e+06	3.8101e+06	2.7003e+06	2.8523e+06
6	59	0	10494	5858	2367	1878	391	6067	6	0.0566038	3.6661e+06	3.8101e+06	2.7003e+06	2.8523e+06
6	60	0	10647	6067	2257	1909	414	6137	6	0.0566038	3.6661e+06	3.8101e+06	2.7003e+06	2.8523e+06
6	61	0	10689	6137	2307	1864	381	5894	7	0.0660377	3.6661e+06	3.8221e+06	2.7003e+06	2.8523e+06
6	62	0	10519	5894	2328	1894	403	6055	6	0.0566038	3.6661e+06	3.8101e+06	2.7003e+06	2.8523e+06
6	63	0	10756	6055	2362	1929	410	6086	6	0.0566038	3.6661e+06	3.8101e+06	2.7003e+06	2.8523e+06
6	64	0	10795	6086	2337	1980	392	6182	7	0.0660377	3.6661e+06	3.8221e+06	2.7003e+06	2.8523e+06
6	65	0	10991	6182	2421	1974	414	6257	7	0.0660377	3.6661e+06	3.8221e+06	2.7003e+06	2.8523e+06
6	66	0	10950	6257	2273	1977	443	6345	7	0.0660377	3.6661e+06	3.8221e+06	2.7003e+06	2.8523e+06
6	67	0	11012	6345	2339	1905	423	6210	7	0.0660377	3.6661e+06	3.8221e+06	2.7003e+06	2.8523e+06
6	68	0	10949	6210	2364	1956	419	6251	7	0.0660377	3.6661e+06	3.8221e+06	2.7003e+06	2.8523e+06
6	69	0	11019	6251	2378	1969	421	6316	6	0.0566038	3.6661e+06	3.8101e+06	2.7003e+06	2.8523e+06
6	70	0	11110	6316	2430	1926	438	6275	7	0.0660377	3.6661e+06	3.8221e+06	2.7003e+06	2.8523e+06
6	71	0	11117	6275	2458	1968	416	6143	7	0.0660377	3.6661e+06	3.8221e+06	2.7003e+06	2.8523e+06
6	72	0	11010	6143	2409	2045	413	6552	7	0.0660377	3.6661e+06	3.8221e+06	2.7003e+06	2.8523e+06
6	73	0	11310	6552	2326	2003	429	6382	7	0.0660377	3.6661e+06	3.8221e+06	2.7003e+06	2.8523e+06
6	74	0	11231	6382	2526	1886	437	6108	7	0.0660377	3.6661e+06	3.8221e+06	2.7003e+06	2.8523e+06
6	75	0	11074	6108	2552	2008	406	6551	8	0.0754717	3.6661e+06	3.8501e+06	2.7003e+06	2.8523e+06
6	76	0	11432	6551	2396	2057	428	6488	9	0.0849057	3.6661e+06	3.8501e+06	2.7003e+06	2.8723e+06
6	77	0	11398	6488	2475	2008	427	6444	7	0.0660377	3.6661e+06	3.8221e+06	2.7003e+06	2.8523e+06
6	78	0	11354	6444	2438	2044	428	6765	8	0.0754717	3.6661e+06	3.8501e+06	2.7003e+06	2.8523e+06
6	79	0	11694	6765	2522	1987	420	6311	8	0.0754717	3.6661e+06	3.8501e+06	2.7003e+06	2.8523e+06
6	80	0	11336	6311	2588	2022	415	6542	8	0.0754717	3.6661e+06	3.8501e+06	2.7003e+06	2.8523e+06
6	81	0	11601	6542	2474	2138	447	7107	9	0.0849057	3.6661e+06	3.8501e+06	2.7003e+06	2.8843e+06
6	82	0	12082	7107	2527	2013	435	6348	9	0.0849057	3.6661e+06	3.8501e+06	2.7003e+06	2.8843e+06
6	83	0	11579	6348	2721	2069	441	6830	8	0.0754717	3.6661e+06	3.8501e+06	2.7003e+06	2.8523e+06
6	84	0	12005	6830	2484	2211	480	7189	9	0.0849057	3.6661e+06	3.8501e+06	2.7003e+06	2.8843e+06
6	85	0	12311	7189	2542	2108	472	6954	9	0.0849057	3.6661e+06	3.8501e+06	2.7003e+06	2.8843e+06
6	86	0	12174	6954	2687	2047	486	6838	9	0.0849057	3.6661e+06	3.8501e+06	2.7003e+06	2.8843e+06
6	87	0	12164	6838	2767	2123	436	6795	9	0.0849057	3.6661e+06	3.8501e+06	2.7003e+06	2.8843e+06
6	88	0	12099	6795	2639	2205	460	7079	9	0.0849057	3.6661e+06	3.8501e+06	2.7003e+06	2.8843e+06
6	89	0	12415	7079	2637	2213	486	7269	10	0.0943396	3.6661e+06	3.8501e+06	2.7003e+06	2.8843e+06
6	90	0	12677	7269	2719	2182	507	7191	10	0.0943396	3.6661e+06	3.8501e+06	2.7003e+06	2.8843e+06
6	91	0	12634	7191	2773	2192	478	7038	11	0.103774	3.6661e+06	3.8501e+06	2.6683e+06	2.8843e+06
6	92	0	12592	7038	2799	2284	471	7496	10	0.0943396	3.6661e+06	3.8501e+06	2.6683e+06	2.8843e+06
6	93	0	12992	7496	2705	2276	515	7370	10	0.0943396	3.6661e+06	3.8501e+06	2.7003e+06	2.8843e+06
6	94	0	12977	7370	2855	2254	498	7252	10	0.0943396	3.6661e+06	3.8501e+06	2.7003e+06	2.8843e+06
6	95	0	12993	7252	2910	2349	482	7492	11	0.103774	3.6661e+06	3.8501e+06	2.6683e+06	2.8843e+06
6	96	0	13084	7492	2742	2346	504	7609	11	0.103774	3.6661e+06	3.8501e+06	2.6683e+06	2.8843e+06
6	97	0	13288	7609	2907	2291	481	7300	11	0.103774	3.6661e+06	3.8501e+06	2.6683e+06	2.8843e+06
6	98	0	13085	7300	2956	2329	500	7517	12	0.113208	3.6661e+06	3.8901e+06	2.6603e+06	2.8843e+06
6	99	0	13210	7517	2755	2371	567	7852	13	0.122642	3.6661e+06	3.8901e+06	2.6603e+06	2.8843e+06
6	100	0	13522	7852	2819	2333	518	0	12	0.113208	3.6661e+06	3.8901e+06	2.6603e+06	2.8843e+06
7	0	0	40	0	0	20	20	217	1	0.00943396	3.6661e+06	3.7541e+06	2.7443e+06	2.7843e+06
7	1	0	235	217	0	4	14	95	1	0.00943396	3.6661e+06	3.7541e+06	2.7443e+06	2.7843e+06
7	2	0	201	95	102	0	4	24	1	0.00943396	3.6661e+06	3.7541e+06	2.7443e+06	2.7843e+06
7	3	0	123	24	41	56	2	274	1	0.00943396	3.6661e+06	3.7541e+06	2.7443e+06	2.7843e+06
7	4	0	327	274	14	33	6	183	1	0.00943396	3.6661e+06	3.7541e+06	2.7443e+06	2.7843e+06
7	5	0	313	183	112	13	5	87	1	0.00943396	3.6661e+06	3.7541e+06	2.7443e+06	2.7843e+06
7	6	0	248	87	84	75	2	345	1	0.00943396	3.6661e+06	3.7541e+06	2.7443e+06	2.7843e+06
7	7	0	473	345	46	71	11	343	1	0.00943396	3.6661e+06	3.7541e+06	2.7443e+06	2.7843e+06
7	8	0	559	343	152	48	16	313	1	0.00943396	3.6661e+06	3.7541e+06	2.7443e+06	2.7843e+06
7	9	0	574	313	143	107	11	475	1	0.00943396	3.6661e+06	3.7541e+06	2.7443e+06	2.7843e+06
7	10	0	778	475	150	130	23	602	1	0.00943396	3.6661e+06	3.7541e+06	2.7443e+06	2.7843e+06
7	11	0	961	602	219	105	35	594	1	0.00943396	3.6661e+06	3.7541e+06	2.7443e+06	2.7843e+06
7	12	0	1006	594	239	147	26	722	1	0.00943396	3.6661e+06	3.7541e+06	2.7443e+06	2.7843e+06
7	13	0	1182	722	240	182	38	900	1	0.00943396	3.6661e+06	3.7541e+06	2.7443e+06	2.7843e+06
7	14	0	1459	900	318	198	43	976	1	0.00943396	3.6661e+06	3.7541e+06	2.7443e+06	2.7843e+06
7	15	0	1645	976	392	241	36	1034	1	0.00943396	3.6661e+06	3.7541e+06	2.7443e+06	2.7843e+06
7	16	0	1808	1034	426	297	51	1268	2	0.0188679	3.6661e+06	3.7541e+06	2.7003e+06	2.7843e+06
7	17	0	2136	1268	462	343	63	1403	1	0.00943396	3.6661e+06	3.7541e+06	2.7443e+06	2.7843e+06
7	18	0	2331	1403	521	351	56	1321	2	0.0188679	3.6661e+06	3.7541e+06	2.7003e+06	2.7843e+06
7	19	0	2382	1321	582	403	76	1634	2	0.0188679	3.6661e+06	3.7541e+06	2.7003e+06	2.7843e+06
7	20	0	2768	1634	567	476	91	1828	2	0.0188679	3.6661e+06	3.7541e+06	2.7003e+06	2.7843e+06
7	21	0	3105	1828	716	471	90	1736	2	0.0188679	3.6661e+06	3.7541e+06	2.7003e+06	2.7843e+06
7	22	0	3146	1736	748	567	95	2010	4	0.0377358	3.6661e+06	3.7861e+06	2.7003e+06	2.8043e+06
7	23	0	3490	2010	737	630	113	2190	2	0.0188679	3.6661e+06	3.7541e+06	2.7003e+06	2.7843e+06
7	24	0	3745	2190	828	593	134	2090	3	0.0283019	3.6661e+06	3.7861e+06	2.7003e+06	2.7843e+06
7	25	0	3802	2090	905	684	123	2246	4	0.0377358	3.6661e+06	3.7861e+06	2.7003e+06	2.8043e+06
7	26	0	4012	2246	881	746	139	2661	4	0.0377358	3.6661e+06	3.7861e+06	2.7003e+06	2.8043e+06
7	27	0	4408	2661	888	705	154	2379	4	0.0377358	3.6661e+06	3.7861e+06	2.7003e+06	2.8043e+06
7	28	0	4353	2379	1094	737	143	2580	4	0.0377358	3.6661e+06	3.7861e+06	2.7003e+06	2.8043e+06
7	29	0	4605	2580	1020	851	154	3015	4	0.0377358	3.6661e+06	3.7861e+06	2.7003e+06	2.8043e+06
7	30	0	5120	3015	1074	839	192	3071	4	0.0377358	3.6661e+06	3.7861e+06	2.7003e+06	2.8043e+06
7	31	0	5280	3071	1148	887	174	3031	4	0.0377358	3.6661e+06	3.7861e+06	2.7003e+06	2.8043e+06
7	32	0	5412	3031	1274	941	166	3378	4	0.0377358	3.6661e+06	3.7861e+06	2.7003e+06	2.8043e+06
7	33	0	5817	3378	1252	997	190	3604	4	0.0377358	3.6661e+06	3.7861e+06	2.7003e+06	2.8043e+06
7	34	0	6188	3604	1331	1027	226	3804	4	0.0377358	3.6661e+06	3.7861e+06	2.7003e+06	2.8043e+06
7	35	0	6608	3804	1471	1113	220	3923	4	0.0377358	3.6661e+06	3.7861e+06	2.7003e+06	2.8043e+06
7	36	0	6892	3923	1568	1169	232	4267	4	0.0377358	3.6661e+06	3.7861e+06	2.7003e+06	2.8043e+06
7	37	0	7387	4267	1588	1281	251	4720	4	0.0377358	3.6661e+06	3.7861e+06	2.7003e+06	2.8043e+06
7	38	0	8058	4720	1766	1323	249	4581	4	0.0377358	3.6661e+06	3.7861e+06	2.7003e+06	2.8043e+06
7	39	0	8280	4581	1992	1442	265	4835	4	0.0377358	3.6661e+06	3.7861e+06	2.7003e+06	2.8043e+06
7	40	0	8694	4835	1903	1638	318	5548	4	0.0377358	3.6661e+06	3.7861e+06	2.7003e+06	2.8043e+06
7	41	0	9360	5548	1883	1584	345	5344	4	0.0377358	3.6661e+06	3.7861e+06	2.7003e+06	2.8043e+06
7	42	0	9425	5344	2223	1529	329	5202	4	0.0377358	3.6661e+06	3.7861e+06	2.7003e+06	2.8043e+06
7	43	0	9476	5202	2160	1754	360	5813	4	0.0377358	3.6661e+06	3.7861e+06	2.7003e+06	2.8043e+06
7	44	0	9958	5813	2046	1762	337	5597	4	0.0377358	3.6661e+06	3.7861e+06	2.7003e+06	2.8043e+06
7	45	0	9998	5597	2332	1697	372	5575	4	0.0377358	3.6661e+06	3.7861e+06	2.7003e+06	2.8043e+06
7	46	0	10031	5575	2208	1858	390	6023	5	0.0471698	3.6661e+06	3.8501e+06	2.7003e+06	2.8043e+06
7	47	0	10516	6023	2206	1858	429	6073	5	0.0471698	3.6661e+06	3.8501e+06	2.7003e+06	2.8043e+06
7	48	0	10553	6073	2268	1835	377	5852	5	0.0471698	3.6661e+06	3.8501e+06	2.7003e+06	2.8043e+06
7	49	0	10479	5852	2353	1891	383	5925	5	0.0471698	3.6661e+06	3.8501e+06	2.7003e+06	2.8043e+06
7	50	0	10516	5925	2221	1959	411	6203	6	0.0566038	3.6661e+06	3.8501e+06	2.7003e+06	2.8523e+06
7	51	0	10742	6203	2263	1867	409	5956	6	0.0566038	3.6661e+06	3.8501e+06	2.7003e+06	2.8523e+06
7	52	0	10530	5956	2328	1848	398	6069	7	0.0660377	3.6661e+06	3.8501e+06	2.7003e+06	2.8523e+06
7	53	0	10648	6069	2282	1859	438	6036	7	0.0660377	3.6661e+06	3.8501e+06	2.7003e+06	2.8523e+06
7	54	0	10598	6036	2315	1841	406	5789	7	0.0660377	3.6661e+06	3.8501e+06	2.7003e+06	2.8523e+06
7	55	0	10440	5789	2342	1913	396	5994	7	0.0660377	3.6661e+06	3.8501e+06	2.7003e+06	2.8523e+06
7	56	0	10505	5994	2201	1894	416	6128	7	0.0660377	3.6661e+06	3.8501e+06	2.7003e+06	2.8523e+06
7	57	0	10704	6128	2318	1836	422	5865	7	0.0660377	3.6661e+06	3.8501e+06	2.7003e+06	2.8523e+06
7	58	0	10511	5865	2354	1870	422	6170	7	0.0660377	3.6661e+06	3.8501e+06	2.7003e+06	2.8523e+06
7	59	0	10726	6170	2261	1904	391	5930	7	0.0660377	3.6661e+06	3.8501e+06	2.7003e+06	2.8523e+06
7	60	0	10535	5930	2330	1903	372	6042	7	0.0660377	3.6661e+06	3.8501e+06	2.7003e+06	2.8523e+06
7	61	0	10670	6042	2280	1964	384	6291	7	0.0660377	3.6661e+06	3.8501e+06	2.7003e+06	2.8523e+06
7	62	0	10869	6291	2305	1869	404	5851	7	0.0660377	3.6661e+06	3.8501e+06	2.7003e+06	2.8523e+06
7	63	0	10574	5851	2383	1913	427	6106	7	0.0660377	3.6661e+06	3.8501e+06	2.7003e+06	2.8523e+06
7	64	0	10682	6106	2261	1915	400	6108	6	0.0566038	3.6661e+06	3.8501e+06	2.7003e+06	2.8363e+06
7	65	0	10743	6108	2348	1862	425	6077	7	0.0660377	3.6661e+06	3.8501e+06	2.7003e+06	2.8523e+06
7	66	0	10825	6077	2415	1947	386	6127	7	0.0660377	3.6661e+06	3.8501e+06	2.7003e+06	2.8523e+06
7	67	0	10800	6127	2290	1983	400	6314	7	0.0660377	3.6661e+06	3.8501e+06	2.7003e+06	2.8523e+06
7	68	0	10988	6314	2338	1958	378	6131	7	0.0660377	3.6661e+06	3.8501e+06	2.7003e+06	2.8523e+06
7	69	0	10827	6131	2386	1914	396	6216	7	0.0660377	3.6661e+06	3.8501e+06	2.7003e+06	2.8523e+06
7	70	0	10998	6216	2383	1969	430	6307	7	0.0660377	3.6661e+06	3.8501e+06	2.7003e+06	2.8523e+06
7	71	0	11104	6307	2421	1927	449	6259	7	0.0660377	3.6661e+06	3.8501e+06	2.7003e+06	2.8523e+06
7	72	0	11094	6259	2398	1997	440	6442	7	0.0660377	3.6661e+06	3.8501e+06	2.7003e+06	2.8523e+06
7	73	0	11239	6442	2379	1981	437	6465	7	0.0660377	3.6661e+06	3.8501e+06	2.7003e+06	2.8523e+06
7	74	0	11300	6465	2423	1985	427	6392	7	0.0660377	3.6661e+06	3.8501e+06	2.7003e+06	2.8523e+06
7	75	0	11247	6392	2495	1950	410	6286	8	0.0754717	3.6661e+06	3.8501e+06	2.7003e+06	2.8723e+06
7	76	0	11214	6286	2453	2019	456	6709	8	0.0754717	3.6661e+06	3.8501e+06	2.7003e+06	2.8523e+06
7	77	0	11633	6709	2435	2044	445	6491	8	0.0754717	3.6661e+06	3.8501e+06	2.7003e+06	2.8523e+06
7	78	0	11544	6491	2574	2025	454	6563	8	0.0754717	3.6661e+06	3.8501e+06	2.7003e+06	2.8523e+06
7	79	0	11491	6563	2405	2092	431	6668	8	0.0754717	3.6661e+06	3.8501e+06	2.7003e+06	2.8523e+06
7	80	0	11698	6668	2562	1996	472	6658	8	0.0754717	3.6661e+06	3.8501e+06	2.7003e+06	2.8523e+06
7	81	0	11745	6658	2566	2081	440	6613	8	0.0754717	3.6661e+06	3.8501e+06	2.7003e+06	2.8523e+06
7	82	0	11771	6613	2581	2136	441	6997	8	0.0754717	3.6661e+06	3.8501e+06	2.7003e+06	2.8523e+06
7	83	0	12264	6997	2608	2166	493	7109	8	0.0754717	3.6661e+06	3.8501e+06	2.7003e+06	2.8523e+06
7	84	0	12250	7109	2568	2141	432	6836	8	0.0754717	3.6661e+06	3.8501e+06	2.7003e+06	2.8523e+06
7	85	0	12119	6836	2684	2124	475	6864	9	0.0849057	3.6661e+06	3.8941e+06	2.7003e+06	2.8523e+06
7	86	0	12028	6864	2525	2182	457	7104	8	0.0754717	3.6661e+06	3.8501e+06	2.7003e+06	2.8523e+06
7	87	0	12321	7104	2594	2170	453	6887	9	0.0849057	3.6661e+06	3.8941e+06	2.7003e+06	2.8523e+06
7	88	0	12256	6887	2771	2127	471	6980	10	0.0943396	3.6661e+06	3.8941e+06	2.7003e+06	2.8523e+06
7	89	0	12334	6980	2659	2229	466	7231	8	0.0754717	3.6661e+06	3.8501e+06	2.7003e+06	2.8523e+06
7	90	0	12512	7231	2584	2218	479	7188	8	0.0754717	3.6661e+06	3.8501e+06	2.7003e+06	2.8523e+06
7	91	0	12534	7188	2698	2162	486	7008	10	0.0943396	3.6661e+06	3.8941e+06	2.7003e+06	2.8523e+06
7	92	0	12457	7008	2745	2224	480	7172	10	0.0943396	3.6661e+06	3.8941e+06	2.7003e+06	2.8523e+06
7	93	0	12598	7172	2657	2288	481	7329	10	0.0943396	3.6661e+06	3.8941e+06	2.7003e+06	2.8523e+06
7	94	0	12805	7329	2711	2258	507	7214	10	0.0943396	3.6661e+06	3.8941e+06	2.7003e+06	2.8523e+06
7	95	0	12715	7214	2757	2254	490	7092	11	0.103774	3.6661e+06	3.8941e+06	2.7003e+06	2.8843e+06
7	96	0	12613	7092	2752	2286	483	7255	11	0.103774	3.6661e+06	3.8941e+06	2.7003e+06	2.8843e+06
7	97	0	12721	7255	2708	2256	502	7328	11	0.103774	3.6661e+06	3.8941e+06	2.7003e+06	2.8843e+06
7	98	0	12930	7328	2857	2275	470	7391	12	0.113208	3.6661e+06	3.8941e+06	2.7003e+06	2.8843e+06
7	99	0	13134	7391	2855	2359	529	7581	11	0.103774	3.6661e+06	3.8941e+06	2.7003e+06	2.8843e+06
7	100	0	13264	7581	2827	2333	523	0	11	0.103774	3.6661e+06	3.8941e+06	2.7003e+06	2.8843e+06
8	0	0	40	0	0	20	20	185	1	0.00943396	3.6661e+06	3.7541e+06	2.7443e+06	2.7843e+06
8	1	0	198	185	0	6	7	68	1	0.00943396	3.6661e+06	3.7541e+06	2.7443e+06	2.7843e+06
8	2	0	158	68	82	3	5	36	1	0.00943396	3.6661e+06	3.7541e+06	2.7443e+06	2.7843e+06
8	3	0	106	36	22	46	2	221	1	0.00943396	3.6661e+06	3.7541e+06	2.7443e+06	2.7843e+06
8	4	0	270	221	15	24	10	171	1	0.00943396	3.6661e+06	3.7541e+06	2.7443e+06	2.7843e+06
8	5	0	285	171	90	19	5	111	1	0.00943396	3.6661e+06	3.7541e+06	2.7443e+06	2.7843e+06
8	6	0	265	111	85	67	2	314	1	0.00943396	3.6661e+06	3.7541e+06	2.7443e+06	2.7843e+06
8	7	0	436	314	44	67	11	345	1	0.00943396	3.6661e+06	3.7541e+06	2.7443e+06	2.7843e+06
8	8	0	545	345	143	43	14	247	1	0.00943396	3.6661e+06	3.7541e+06	2.7443e+06	2.7843e+06
8	9	0	504	247	148	97	12	427	1	0.00943396	3.6661e+06	3.7541e+06	2.7443e+06	2.7843e+06
8	10	0	669	427	106	118	18	570	1	0.00943396	3.6661e+06	3.7541e+06	2.7443e+06	2.7843e+06
8	11	0	877	570	190	96	21	528	1	0.00943396	3.6661e+06	3.7541e+06	2.7443e+06	2.7843e+06
8	12	0	951	528	260	140	23	647	1	0.00943396	3.6661e+06	3.7541e+06	2.7443e+06	2.7843e+06
8	13	0	1104	647	221	207	29	946	1	0.00943396	3.6661e+06	3.7541e+06	2.7443e+06	2.7843e+06
8	14	0	1456	946	279	188	43	909	2	0.0188679	3.6661e+06	3.7541e+06	2.7003e+06	2.7843e+06
8	15	0	1572	909	401	217	45	1042	1	0.00943396	3.6661e+06	3.7541e+06	2.7443e+06	2.7843e+06
8	16	0	1759	1042	377	295	45	1231	1	0.00943396	3.6661e+06	3.7541e+06	2.7443e+06	2.7843e+06
8	17	0	2063	1231	448	317	67	1378	1	0.00943396	3.6661e+06	3.7541e+06	2.7443e+06	2.7843e+06
8	18	0	2324	1378	527	354	65	1409	1	0.00943396	3.6661e+06	3.7541e+06	2.7443e+06	2.7843e+06
8	19	0	2527	1409	600	443	75	1705	2	0.0188679	3.6661e+06	3.7541e+06	2.7003e+06	2.7843e+06
8	20	0	2864	1705	601	477	81	1769	1	0.00943396	3.6661e+06	3.7541e+06	2.7443e+06	2.7843e+06
8	21	0	3088	1769	742	488	89	1829	2	0.0188679	3.6661e+06	3.7541e+06	2.7003e+06	2.7843e+06
8	22	0	3244	1829	722	595	98	2056	3	0.0283019	3.6661e+06	3.7861e+06	2.7003e+06	2.7843e+06
8	23	0	3552	2056	783	599	114	2172	3	0.0283019	3.6661e+06	3.7861e+06	2.7003e+06	2.7843e+06
8	24	0	3771	2172	856	622	121	2192	4	0.0377358	3.6661e+06	3.7861e+06	2.7003e+06	2.8043e+06
8	25	0	3850	2192	838	694	126	2435	4	0.0377358	3.6661e+06	3.7861e+06	2.7003e+06	2.8043e+06
8	26	0	4145	2435	891	685	134	2385	3	0.0283019	3.6661e+06	3.7861e+06	2.7003e+06	2.7843e+06
8	27	0	4271	2385	1003	743	140	2549	4	0.0377358	3.6661e+06	3.7861e+06	2.7003e+06	2.8043e+06
8	28	0	4465	2549	957	799	160	2790	4	0.0377358	3.6661e+06	3.7861e+06	2.7003e+06	2.8043e+06
8	29	0	4806	2790	1053	795	168	2868	4	0.0377358	3.6661e+06	3.7861e+06	2.7003e+06	2.8043e+06
8	30	0	4994	2868	1105	865	156	3050	4	0.0377358	3.6661e+06	3.7861e+06	2.7003e+06	2.8043e+06
8	31	0	5352	3050	1216	908	178	3202	4	0.0377358	3.6661e+06	3.7861e+06	2.7003e+06	2.8043e+06
8	32	0	5590	3202	1226	959	203	3599	4	0.0377358	3.6661e+06	3.7861e+06	2.7003e+06	2.8043e+06
8	33	0	6089	3599	1318	981	191	3491	4	0.0377358	3.6661e+06	3.7861e+06	2.7003e+06	2.8043e+06
8	34	0	6363	3491	1531	1097	244	4105	4	0.0377358	3.6661e+06	3.7861e+06	2.7003e+06	2.8043e+06
8	35	0	7022	4105	1456	1203	258	4306	4	0.0377358	3.6661e+06	3.7861e+06	2.7003e+06	2.8043e+06
8	36	0	7372	4306	1627	1184	255	4204	4	0.0377358	3.6661e+06	3.7861e+06	2.7003e+06	2.8043e+06
8	37	0	7483	4204	1740	1278	261	4650	4	0.0377358	3.6661e+06	3.7861e+06	2.7003e+06	2.8043e+06
8	38	0	8093	4650	1808	1383	252	4643	4	0.0377358	3.6661e+06	3.7861e+06	2.7003e+06	2.8043e+06
8	39	0	8371	4643	1933	1501	294	5082	4	0.0377358	3.6661e+06	3.7861e+06	2.7003e+06	2.8043e+06
8	40	0	8812	5082	1821	1605	304	5435	4	0.0377358	3.6661e+06	3.7861e+06	2.7003e+06	2.8043e+06
8	41	0	9313	5435	2038	1507	333	5038	4	0.0377358	3.6661e+06	3.7861e+06	2.7003e+06	2.8043e+06
8	42	0	9254	5038	2276	1613	327	5547	4	0.0377358	3.6661e+06	3.7861e+06	2.7003e+06	2.8043e+06
8	43	0	9777	5547	2069	1786	375	6003	4	0.0377358	3.6661e+06	3.7861e+06	2.7003e+06	2.8043e+06
8	44	0	10352	6003	2202	1778	369	5662	4	0.0377358	3.6661e+06	3.7861e+06	2.7003e+06	2.8043e+06
8	45	0	10175	5662	2312	1824	377	6046	4	0.0377358	3.6661e+06	3.7861e+06	2.7003e+06	2.8043e+06
8	46	0	10516	6046	2212	1852	406	5886	4	0.0377358	3.6661e+06	3.7861e+06	2.7003e+06	2.8043e+06
8	47	0	10401	5886	2342	1796	377	5808	4	0.0377358	3.6661e+06	3.7861e+06	2.7003e+06	2.8043e+06
8	48	0	10308	5808	2267	1881	352	5746	4	0.0377358	3.6661e+06	3.7861e+06	2.7003e+06	2.8043e+06
8	49	0	10277	5746	2300	1834	397	6027	4	0.0377358	3.6661e+06	3.7861e+06	2.7003e+06	2.8043e+06
8	50	0	10519	6027	2250	1848	394	5967	4	0.0377358	3.6661e+06	3.7861e+06	2.7003e+06	2.8043e+06
8	51	0	10559	5967	2309	1877	406	5975	4	0.0377358	3.6661e+06	3.7861e+06	2.7003e+06	2.8043e+06
8	52	0	10584	5975	2290	1904	415	6179	4	0.0377358	3.6661e+06	3.7861e+06	2.7003e+06	2.8043e+06
8	53	0	10712	6179	2283	1841	409	5902	5	0.0471698	3.6661e+06	3.8501e+06	2.7003e+06	2.8043e+06
8	54	0	10485	5902	2352	1838	393	5857	7	0.0660377	3.6661e+06	3.8501e+06	2.7003e+06	2.8363e+06
8	55	0	10499	5857	2325	1915	402	6100	5	0.0471698	3.6661e+06	3.7901e+06	2.7003e+06	2.8363e+06
8	56	0	10602	6100	2227	1886	389	6091	6	0.0566038	3.6661e+06	3.8501e+06	2.7003e+06	2.8363e+06
8	57	0	10673	6091	2357	1838	387	5850	6	0.0566038	3.6661e+06	3.8501e+06	2.7003e+06	2.8363e+06
8	58	0	10570	5850	2384	1956	380	6096	6	0.0566038	3.6661e+06	3.8501e+06	2.7003e+06	2.8363e+06
8	59	0	10688	6096	2216	1948	428	6192	7	0.0660377	3.6661e+06	3.8501e+06	2.7003e+06	2.8363e+06
8	60	0	10814	6192	2325	1876	421	6043	7	0.0660377	3.6661e+06	3.8501e+06	2.7003e+06	2.8523e+06
8	61	0	10706	6043	2339	1935	389	5985	6	0.0566038	3.6661e+06	3.8501e+06	2.7003e+06	2.8363e+06
8	62	0	10586	5985	2327	1886	388	6056	7	0.0660377	3.6661e+06	3.8501e+06	2.7003e+06	2.8363e+06
8	63	0	10756	6056	2382	1916	402	6071	8	0.0754717	3.6661e+06	3.8501e+06	2.7003e+06	2.8523e+06
8	64	0	10673	6071	2296	1889	417	6108	7	0.0660377	3.6661e+06	3.8501e+06	2.7003e+06	2.8363e+06
8	65	0	10783	6108	2403	1888	384	5917	7	0.0660377	3.6661e+06	3.8501e+06	2.7003e+06	2.8523e+06
8	66	0	10667	5917	2345	1995	410	6407	8	0.0754717	3.6661e+06	3.8501e+06	2.7003e+06	2.8523e+06
8	67	0	11092	6407	2297	1962	426	6192	7	0.0660377	3.6661e+06	3.8501e+06	2.7003e+06	2.8363e+06
8	68	0	10887	6192	2391	1910	394	5935	7	0.0660377	3.6661e+06	3.8501e+06	2.7003e+06	2.8523e+06
8	69	0	10621	5935	2347	1904	435	6274	7	0.0660377	3.6661e+06	3.8501e+06	2.7003e+06	2.8523e+06
8	70	0	10977	6274	2340	1954	409	6353	8	0.0754717	3.6661e+06	3.8501e+06	2.7003e+06	2.8523e+06
8	71	0	11025	6353	2378	1869	425	6174	8	0.0754717	3.6661e+06	3.8501e+06	2.7003e+06	2.8523e+06
8	72	0	11065	6174	2494	1986	411	6349	8	0.0754717	3.6661e+06	3.8501e+06	2.7003e+06	2.8523e+06
8	73	0	11163	6349	2382	2031	401	6422	8	0.0754717	3.6661e+06	3.8501e+06	2.7003e+06	2.8523e+06
8	74	0	11222	6422	2414	1964	422	6370	8	0.0754717	3.6661e+06	3.8501e+06	2.7003e+06	2.8523e+06
8	75	0	11214	6370	2400	1995	449	6591	8	0.0754717	3.6661e+06	3.8501e+06	2.7003e+06	2.8523e+06
8	76	0	11382	6591	2363	1964	464	6295	8	0.0754717	3.6661e+06	3.8501e+06	2.7003e+06	2.8523e+06
8	77	0	11125	6295	2428	1955	447	6354	8	0.0754717	3.6661e+06	3.8501e+06	2.7003e+06	2.8523e+06
8	78	0	11151	6354	2411	1940	446	6293	8	0.0754717	3.6661e+06	3.8501e+06	2.7003e+06	2.8523e+06
8	79	0	11147	6293	2415	2008	431	6608	8	0.0754717	3.6661e+06	3.8501e+06	2.7003e+06	2.8523e+06
8	80	0	11451	6608	2431	1971	441	6441	8	0.0754717	3.6661e+06	3.8501e+06	2.7003e+06	2.8523e+06
8	81	0	11413	6441	2556	2004	412	6315	8	0.0754717	3.6661e+06	3.8501e+06	2.7003e+06	2.8523e+06
8	82	0	11313	6315	2512	2065	421	6785	8	0.0754717	3.6661e+06	3.8501e+06	2.7003e+06	2.8523e+06
8	83	0	11778	6785	2505	2074	414	6575	9	0.0849057	3.6661e+06	3.8501e+06	2.7003e+06	2.8723e+06
8	84	0	11702	6575	2674	2029	424	6550	8	0.0754717	3.6661e+06	3.8501e+06	2.7003e+06	2.8523e+06
8	85	0	11668	6550	2586	2104	428	6992	8	0.0754717	3.6661e+06	3.8501e+06	2.7003e+06	2.8523e+06
8	86	0	12187	6992	2568	2148	479	6921	8	0.0754717	3.6661e+06	3.8501e+06	2.7003e+06	2.8523e+06
8	87	0	12133	6921	2639	2100	473	7000	8	0.0754717	3.6661e+06	3.8501e+06	2.7003e+06	2.8523e+06
8	88	0	12298	7000	2643	2177	478	7133	8	0.0754717	3.6661e+06	3.8501e+06	2.7003e+06	2.8523e+06
8	89	0	12562	7133	2684	2258	487	7299	8	0.0754717	3.6661e+06	3.8501e+06	2.7003e+06	2.8523e+06
8	90	0	12715	7299	2737	2214	465	7123	9	0.0849057	3.6661e+06	3.8501e+06	2.7003e+06	2.8723e+06
8	91	0	12684	7123	2862	2229	470	7365	10	0.0943396	3.6661e+06	3.8501e+06	2.7003e+06	2.8843e+06
8	92	0	12984	7365	2825	2312	482	7413	9	0.0849057	3.6661e+06	3.8501e+06	2.7003e+06	2.8843e+06
8	93	0	13023	7413	2761	2345	504	7454	9	0.0849057	3.6661e+06	3.8501e+06	2.7003e+06	2.8723e+06
8	94	0	13074	7454	2831	2280	509	7302	10	0.0943396	3.6661e+06	3.8941e+06	2.7003e+06	2.8843e+06
8	95	0	12976	7302	2835	2352	487	7606	10	0.0943396	3.6661e+06	3.8941e+06	2.7003e+06	2.8843e+06
8	96	0	13262	7606	2808	2331	517	7583	12	0.113208	3.6661e+06	3.8941e+06	2.7003e+06	2.8923e+06
8	97	0	13241	7583	2853	2268	537	7454	11	0.103774	3.6661e+06	3.8941e+06	2.6683e+06	2.8843e+06
8	98	0	13222	7454	2896	2333	539	7671	10	0.0943396	3.6661e+06	3.8941e+06	2.7003e+06	2.8843e+06
8	99	0	13491	7671	2875	2390	555	7799	13	0.122642	3.6661e+06	3.8941e+06	2.7003e+06	2.8923e+06
8	100	0	13622	7799	2983	2292	548	0	13	0.122642	3.6661e+06	3.8941e+06	2.6683e+06	2.8843e+06
9	0	0	40	0	0	20	20	196	1	0.00943396	3.6661e+06	3.7541e+06	2.7443e+06	2.7843e+06
9	1	0	209	196	0	4	9	79	1	0.00943396	3.6661e+06	3.7541e+06	2.7443e+06	2.7843e+06
9	2	0	163	79	81	1	2	18	1	0.00943396	3.6661e+06	3.7541e+06	2.7443e+06	2.7843e+06
9	3	0	101	18	37	46	0	196	1	0.00943396	3.6661e+06	3.7541e+06	2.7443e+06	2.7843e+06
9	4	0	248	196	6	40	6	217	1	0.00943396	3.6661e+06	3.7541e+06	2.7443e+06	2.7843e+06
9	5	0	312	217	76	13	6	83	1	0.00943396	3.6661e+06	3.7541e+06	2.7443e+06	2.7843e+06
9	6	0	224	83	85	51	5	237	1	0.00943396	3.6661e+06	3.7541e+06	2.7443e+06	2.7843e+06
9	7	0	351	237	32	73	9	339	1	0.00943396	3.6661e+06	3.7541e+06	2.7443e+06	2.7843e+06
9	8	0	486	339	97	40	10	249	1	0.00943396	3.6661e+06	3.7541e+06	2.7443e+06	2.7843e+06
9	9	0	480	249	147	74	10	370	1	0.00943396	3.6661e+06	3.7541e+06	2.7443e+06	2.7843e+06
9	10	0	583	370	101	101	11	464	1	0.00943396	3.6661e+06	3.7541e+06	2.7443e+06	2.7843e+06
9	11	0	722	464	140	95	23	513	1	0.00943396	3.6661e+06	3.7541e+06	2.7443e+06	2.7843e+06
9	12	0	846	513	191	121	21	547	1	0.00943396	3.6661e+06	3.7541e+06	2.7443e+06	2.7843e+06
9	13	0	941	547	224	139	31	723	1	0.00943396	3.6661e+06	3.7541e+06	2.7443e+06	2.7843e+06
9	14	0	1154	723	227	164	40	810	1	0.00943396	3.6661e+06	3.7541e+06	2.7443e+06	2.7843e+06
9	15	0	1308	810	280	188	30	836	1	0.00943396	3.6661e+06	3.7541e+06	2.7443e+06	2.7843e+06
9	16	0	1440	836	354	209	41	1020	1	0.00943396	3.6661e+06	3.7541e+06	2.7443e+06	2.7843e+06
9	17	0	1677	1020	337	272	48	1158	1	0.00943396	3.6661e+06	3.7541e+06	2.7443e+06	2.7843e+06
9	18	0	1931	1158	434	283	56	1243	1	0.00943396	3.6661e+06	3.7541e+06	2.7443e+06	2.7843e+06
9	19	0	2125	1243	500	332	50	1207	1	0.00943396	3.6661e+06	3.7541e+06	2.7443e+06	2.7843e+06
9	20	0	2220	1207	540	419	54	1647	1	0.00943396	3.6661e+06	3.7541e+06	2.7443e+06	2.7843e+06
9	21	0	2678	1647	509	446	76	1709	1	0.00943396	3.6661e+06	3.7541e+06	2.7443e+06	2.7843e+06
9	22	0	2915	1709	690	418	98	1674	3	0.0283019	3.6661e+06	3.7861e+06	2.7003e+06	2.7843e+06
9	23	0	3033	1674	747	516	96	1957	3	0.0283019	3.6661e+06	3.7861e+06	2.7003e+06	2.7843e+06
9	24	0	3399	1957	732	608	102	2137	3	0.0283019	3.6661e+06	3.7861e+06	2.7003e+06	2.7843e+06
9	25	0	3623	2137	789	574	123	1979	3	0.0283019	3.6661e+06	3.7861e+06	2.7003e+06	2.7843e+06
9	26	0	3599	1979	875	630	115	2227	3	0.0283019	3.6661e+06	3.7861e+06	2.7003e+06	2.7843e+06
9	27	0	3888	2227	831	685	145	2367	3	0.0283019	3.6661e+06	3.7861e+06	2.7003e+06	2.7843e+06
9	28	0	4121	2367	900	712	142	2394	3	0.0283019	3.6661e+06	3.7861e+06	2.7003e+06	2.7843e+06
9	29	0	4282	2394	1023	724	141	2424	3	0.0283019	3.6661e+06	3.7861e+06	2.7003e+06	2.7843e+06
9	30	0	4346	2424	970	798	154	2818	4	0.0377358	3.6661e+06	3.7861e+06	2.7003e+06	2.8043e+06
9	31	0	4777	2818	994	786	179	2842	4	0.0377358	3.6661e+06	3.7861e+06	2.7003e+06	2.8043e+06
9	32	0	4991	2842	1121	855	173	2996	4	0.0377358	3.6661e+06	3.7861e+06	2.7003e+06	2.8043e+06
9	33	0	5301	2996	1177	941	187	3422	4	0.0377358	3.6661e+06	3.7861e+06	2.7003e+06	2.8043e+06
9	34	0	5750	3422	1185	944	199	3485	4	0.0377358	3.6661e+06	3.7861e+06	2.7003e+06	2.8043e+06
9	35	0	5991	3485	1336	967	203	3605	4	0.0377358	3.6661e+06	3.7861e+06	2.7003e+06	2.8043e+06
9	36	0	6243	3605	1387	1053	198	3805	4	0.0377358	3.6661e+06	3.7861e+06	2.7003e+06	2.8043e+06
9	37	0	6740	3805	1571	1122	242	4018	4	0.0377358	3.6661e+06	3.7861e+06	2.7003e+06	2.8043e+06
9	38	0	7055	4018	1578	1234	225	4273	4	0.0377358	3.6661e+06	3.7861e+06	2.7003e+06	2.8043e+06
9	39	0	7485	4273	1685	1291	236	4513	4	0.0377358	3.6661e+06	3.7861e+06	2.7003e+06	2.8043e+06
9	40	0	7909	4513	1752	1359	285	4711	4	0.0377358	3.6661e+06	3.7861e+06	2.7003e+06	2.8043e+06
9	41	0	8308	4711	1913	1428	256	4797	4	0.0377358	3.6661e+06	3.7861e+06	2.7003e+06	2.8043e+06
9	42	0	8499	4797	1871	1522	309	5135	4	0.0377358	3.6661e+06	3.7861e+06	2.7003e+06	2.8043e+06
9	43	0	8917	5135	1942	1523	317	5137	4	0.0377358	3.6661e+06	3.7861e+06	2.7003e+06	2.8043e+06
9	44	0	9082	5137	2037	1572	336	5176	4	0.0377358	3.6661e+06	3.7861e+06	2.7003e+06	2.8043e+06
9	45	0	9180	5176	1995	1669	340	5533	4	0.0377358	3.6661e+06	3.7861e+06	2.7003e+06	2.8043e+06
9	46	0	9582	5533	2031	1646	372	5380	4	0.0377358	3.6661e+06	3.7861e+06	2.7003e+06	2.8043e+06
9	47	0	9528	5380	2183	1641	324	5339	4	0.0377358	3.6661e+06	3.7861e+06	2.7003e+06	2.8043e+06
9	48	0	9656	5339	2181	1787	349	5899	4	0.0377358	3.6661e+06	3.7861e+06	2.7003e+06	2.8043e+06
9	49	0	10091	5899	2011	1817	364	5814	4	0.0377358	3.6661e+06	3.7861e+06	2.7003e+06	2.8043e+06
9	50	0	10183	5814	2245	1704	420	5697	4	0.0377358	3.6661e+06	3.7861e+06	2.7003e+06	2.8043e+06
9	51	0	10103	5697	2207	1824	375	6020	4	0.0377358	3.6661e+06	3.7861e+06	2.7003e+06	2.8043e+06
9	52	0	10531	6020	2231	1880	400	6008	4	0.0377358	3.6661e+06	3.7861e+06	2.7003e+06	2.8043e+06
9	53	0	10588	6008	2313	1850	417	5936	4	0.0377358	3.6661e+06	3.7861e+06	2.7003e+06	2.8043e+06
9	54	0	10584	5936	2342	1895	411	5975	4	0.0377358	3.6661e+06	3.7861e+06	2.7003e+06	2.8043e+06
9	55	0	10540	5975	2251	1883	431	5996	5	0.0471698	3.6661e+06	3.7901e+06	2.7003e+06	2.8363e+06
9	56	0	10599	5996	2303	1874	426	5953	4	0.0377358	3.6661e+06	3.7861e+06	2.7003e+06	2.8043e+06
9	57	0	10525	5953	2282	1885	405	6073	4	0.0377358	3.6661e+06	3.7861e+06	2.7003e+06	2.8043e+06
9	58	0	10671	6073	2328	1864	406	5933	6	0.0566038	3.6661e+06	3.8221e+06	2.7003e+06	2.8363e+06
9	59	0	10583	5933	2331	1910	409	6088	5	0.0471698	3.6661e+06	3.8221e+06	2.7003e+06	2.8043e+06
9	60	0	10686	6088	2272	1909	417	6120	5	0.0471698	3.6661e+06	3.7901e+06	2.7003e+06	2.8363e+06
9	61	0	10778	6120	2310	1952	396	6063	5	0.0471698	3.6661e+06	3.7901e+06	2.7003e+06	2.8363e+06
9	62	0	10743	6063	2331	1917	432	6049	5	0.0471698	3.6661e+06	3.7901e+06	2.7003e+06	2.8363e+06
9	63	0	10705	6049	2281	1962	413	6247	5	0.0471698	3.6661e+06	3.7901e+06	2.7003e+06	2.8363e+06
9	64	0	10872	6247	2323	1897	405	5909	5	0.0471698	3.6661e+06	3.7901e+06	2.7003e+06	2.8363e+06
9	65	0	10652	5909	2390	1943	410	6109	5	0.0471698	3.6661e+06	3.7901e+06	2.7003e+06	2.8363e+06
9	66	0	10718	6109	2203	1968	438	6276	5	0.0471698	3.6661e+06	3.7901e+06	2.7003e+06	2.8363e+06
9	67	0	10766	6276	2260	1819	411	5744	5	0.0471698	3.6661e+06	3.7901e+06	2.7003e+06	2.8363e+06
9	68	0	10424	5744	2448	1851	381	5906	6	0.0566038	3.6661e+06	3.8101e+06	2.7003e+06	2.8523e+06
9	69	0	10524	5906	2246	2006	366	6175	6	0.0566038	3.6661e+06	3.8101e+06	2.7003e+06	2.8523e+06
9	70	0	10745	6175	2261	1899	410	6017	6	0.0566038	3.6661e+06	3.8101e+06	2.7003e+06	2.8523e+06
9	71	0	10546	6017	2244	1866	419	6179	6	0.0566038	3.6661e+06	3.8101e+06	2.7003e+06	2.8523e+06
9	72	0	10724	6179	2275	1865	405	5985	6	0.0566038	3.6661e+06	3.8101e+06	2.7003e+06	2.8523e+06
9	73	0	10629	5985	2372	1892	380	6183	6	0.0566038	3.6661e+06	3.8101e+06	2.7003e+06	2.8523e+06
9	74	0	10782	6183	2242	1987	370	6227	7	0.0660377	3.6661e+06	3.8501e+06	2.7003e+06	2.8523e+06
9	75	0	10896	6227	2320	1904	445	6225	7	0.0660377	3.6661e+06	3.8501e+06	2.7003e+06	2.8523e+06
9	76	0	10950	6225	2319	1963	443	6415	6	0.0566038	3.6661e+06	3.8101e+06	2.7003e+06	2.8523e+06
9	77	0	11193	6415	2372	1930	476	6478	7	0.0660377	3.6661e+06	3.8501e+06	2.7003e+06	2.8523e+06
9	78	0	11283	6478	2448	1919	438	6061	7	0.0660377	3.6661e+06	3.8501e+06	2.7003e+06	2.8523e+06
9	79	0	11003	6061	2486	2049	407	6425	7	0.0660377	3.6661e+06	3.8501e+06	2.7003e+06	2.8523e+06
9	80	0	11149	6425	2269	2042	413	6440	7	0.0660377	3.6661e+06	3.8501e+06	2.7003e+06	2.8523e+06
9	81	0	11229	6440	2403	1928	458	6404	7	0.0660377	3.6661e+06	3.8501e+06	2.7003e+06	2.8523e+06
9	82	0	11361	6404	2553	1989	415	6246	7	0.0660377	3.6661e+06	3.8501e+06	2.7003e+06	2.8523e+06
9	83	0	11189	6246	2457	2032	454	6581	7	0.0660377	3.6661e+06	3.8501e+06	2.7003e+06	2.8523e+06
9	84	0	11458	6581	2417	1996	464	6468	7	0.0660377	3.6661e+06	3.8501e+06	2.7003e+06	2.8523e+06
9	85	0	11386	6468	2496	1985	437	6418	7	0.0660377	3.6661e+06	3.8501e+06	2.7003e+06	2.8523e+06
9	86	0	11438	6418	2534	2077	409	6711	7	0.0660377	3.6661e+06	3.8501e+06	2.7003e+06	2.8523e+06
9	87	0	11587	6711	2393	2056	427	6538	7	0.0660377	3.6661e+06	3.8501e+06	2.7003e+06	2.8523e+06
9	88	0	11523	6538	2575	1955	455	6486	7	0.0660377	3.6661e+06	3.8501e+06	2.7003e+06	2.8523e+06
9	89	0	11536	6486	2568	2088	394	6612	7	0.0660377	3.6661e+06	3.8501e+06	2.7003e+06	2.8523e+06
9	90	0	11586	6612	2439	2112	423	6695	7	0.0660377	3.6661e+06	3.8501e+06	2.7003e+06	2.8523e+06
9	91	0	11647	6695	2483	2007	462	6508	9	0.0849057	3.5661e+06	3.8501e+06	2.7003e+06	2.8843e+06
9	92	0	11615	6508	2653	2018	436	6534	7	0.0660377	3.6661e+06	3.8501e+06	2.7003e+06	2.8523e+06
9	93	0	11644	6534	2515	2126	469	6914	7	0.0660377	3.6661e+06	3.8501e+06	2.7003e+06	2.8523e+06
9	94	0	12000	6914	2526	2093	467	6639	8	0.0754717	3.5661e+06	3.8501e+06	2.7003e+06	2.8523e+06
9	95	0	11818	6639	2678	2045	456	6608	8	0.0754717	3.6661e+06	3.8501e+06	2.7003e+06	2.8843e+06
9	96	0	11873	6608	2621	2190	454	7037	9	0.0849057	3.6661e+06	3.8501e+06	2.7003e+06	2.8843e+06
9	97	0	12051	7037	2441	2116	457	6723	8	0.0754717	3.6661e+06	3.8501e+06	2.7003e+06	2.8843e+06
9	98	0	11963	6723	2716	2058	466	6636	9	0.0849057	3.6661e+06	3.8501e+06	2.7003e+06	2.8843e+06
9	99	0	11874	6636	2668	2141	429	6814	8	0.0754717	3.6661e+06	3.8501e+06	2.7003e+06	2.8843e+06
9	100	0	12013	6814	2560	2197	442	0	9	0.0849057	3.6661e+06	3.8501e+06	2.7003e+06	2.8843e+06
