Rep	Year	RepSeason	NInds	NInd_stage1	NInd_stage2	NInd_stage3	NInd_stage4	NJuvs	NOccupPatches	Occup/Suit	min_X	max_X	min_Y	max_Y
0	0	0	200	0	0	100	100	1018	1	0.00943396	3.8581e+06	4.1261e+06	2.2363e+06	2.4483e+06
0	1	0	1086	1018	0	21	47	364	1	0.00943396	3.8581e+06	4.1261e+06	2.2363e+06	2.4483e+06
0	2	0	767	364	381	3	19	115	1	0.00943396	3.8581e+06	4.1261e+06	2.2363e+06	2.4483e+06
0	3	0	462	115	170	173	4	809	1	0.00943396	3.8581e+06	4.1261e+06	2.2363e+06	2.4483e+06
0	4	0	997	809	44	116	28	656	1	0.00943396	3.8581e+06	4.1261e+06	2.2363e+06	2.4483e+06
0	5	0	1077	656	344	53	24	377	1	0.00943396	3.8581e+06	4.1261e+06	2.2363e+06	2.4483e+06
0	6	0	874	377	303	185	9	814	1	0.00943396	3.8581e+06	4.1261e+06	2.2363e+06	2.4483e+06
0	7	0	1199	814	174	183	28	907	1	0.00943396	3.8581e+06	4.1261e+06	2.2363e+06	2.4483e+06
0	8	0	1415	907	346	128	34	776	1	0.00943396	3.8581e+06	4.1261e+06	2.2363e+06	2.4483e+06
0	9	0	1402	776	399	195	32	997	1	0.00943396	3.8581e+06	4.1261e+06	2.2363e+06	2.4483e+06
0	10	0	1611	997	325	241	48	1324	1	0.00943396	3.8581e+06	4.1261e+06	2.2363e+06	2.4483e+06
0	11	0	2026	1324	441	205	56	1140	1	0.00943396	3.8581e+06	4.1261e+06	2.2363e+06	2.4483e+06
0	12	0	2021	1140	570	263	48	1455	1	0.00943396	3.8581e+06	4.1261e+06	2.2363e+06	2.4483e+06
0	13	0	2331	1455	492	324	60	1733	1	0.00943396	3.8581e+06	4.1261e+06	2.2363e+06	2.4483e+06
0	14	0	2706	1733	589	322	62	1625	1	0.00943396	3.8581e+06	4.1261e+06	2.2363e+06	2.4483e+06
0	15	0	2805	1625	731	365	84	2070	1	0.00943396	3.8581e+06	4.1261e+06	2.2363e+06	2.4483e+06
0	16	0	3268	2070	685	430	83	2257	1	0.00943396	3.8581e+06	4.1261e+06	2.2363e+06	2.4483e+06
0	17	0	3688	2257	907	441	83	2337	2	0.0188679	3.8581e+06	4.1261e+06	2.2363e+06	2.6563e+06
0	18	0	3926	2337	950	543	96	2791	2	0.0188679	3.8581e+06	4.1261e+06	2.2363e+06	2.6563e+06
0	19	0	4505	2791	995	613	106	3052	1	0.00943396	3.8581e+06	4.1261e+06	2.2363e+06	2.4483e+06
0	20	0	4976	3052	1175	619	130	3236	1	0.00943396	3.8581e+06	4.1261e+06	2.2363e+06	2.4483e+06
0	21	0	5426	3236	1321	743	126	3710	1	0.00943396	3.8581e+06	4.1261e+06	2.2363e+06	2.4483e+06
0	22	0	6095	3710	1405	831	149	4034	1	0.00943396	3.8581e+06	4.1261e+06	2.2363e+06	2.4483e+06
0	23	0	6690	4034	1588	884	184	4551	1	0.00943396	3.8581e+06	4.1261e+06	2.2363e+06	2.4483e+06
0	24	0	7500	4551	1775	986	188	4835	1	0.00943396	3.8581e+06	4.1261e+06	2.2363e+06	2.4483e+06
0	25	0	8091	4835	1941	1089	226	5441	1	0.00943396	3.8581e+06	4.1261e+06	2.2363e+06	2.4483e+06
0	26	0	8947	5441	2074	1213	219	5746	1	0.00943396	3.8581e+06	4.1261e+06	2.2363e+06	2.4483e+06
0	27	0	9600	5746	2272	1324	258	6406	1	0.00943396	3.8581e+06	4.1261e+06	2.2363e+06	2.4483e+06
0	28	0	10612	6406	2464	1460	282	6798	2	0.0188679	3.8581e+06	4.1261e+06	2.2363e+06	2.4483e+06
0	29	0	11342	6798	2700	1523	321	7052	2	0.0188679	3.8581e+06	4.1261e+06	2.2363e+06	2.4483e+06
0	30	0	11974	7052	2876	1703	343	8009	1	0.00943396	3.8581e+06	4.1261e+06	2.2363e+06	2.4483e+06
0	31	0	13128	8009	2948	1833	338	8292	2	0.0188679	3.8581e+06	4.1261e+06	2.2363e+06	2.4483e+06
0	32	0	14100	8292	3467	1945	396	8820	4	0.0377358	3.8581e+06	4.1261e+06	2.2363e+06	2.4483e+06
0	33	0	14955	8820	3539	2163	433	9678	3	0.0283019	3.8581e+06	4.1261e+06	2.2363e+06	2.4483e+06
0	34	0	16182	9678	3776	2237	491	9700	3	0.0283019	3.8581e+06	4.1261e+06	2.2363e+06	2.4483e+06
0	35	0	16678	9700	4094	2405	479	10328	4	0.0377358	3.8581e+06	4.1261e+06	2.2363e+06	2.4483e+06
0	36	0	17628	10328	4146	2613	541	10974	4	0.0377358	3.8581e+06	4.1261e+06	2.2363e+06	2.6563e+06
0	37	0	18557	10974	4409	2614	560	10895	2	0.0188679	3.8581e+06	4.1261e+06	2.2363e+06	2.4483e+06
0	38	0	18989	10895	4661	2840	593	11982	4	0.0377358	3.8581e+06	4.1261e+06	2.2363e+06	2.4483e+06
0	39	0	20202	11982	4660	2965	595	12051	5	0.0471698	3.8581e+06	4.1261e+06	2.2363e+06	2.6563e+06
0	40	0	20707	12051	5079	2958	619	12136	6	0.0566038	3.8181e+06	4.1261e+06	2.2363e+06	2.5003e+06
0	41	0	21133	12136	5180	3173	644	12838	5	0.0471698	3.8581e+06	4.1261e+06	2.2363e+06	2.6563e+06
0	42	0	21897	12838	5056	3290	713	13498	7	0.0660377	3.8181e+06	4.1261e+06	2.2363e+06	2.6563e+06
0	43	0	22784	13498	5288	3291	707	13314	7	0.0660377	3.8181e+06	4.1261e+06	2.2363e+06	2.6563e+06
0	44	0	22961	13314	5579	3333	735	13196	8	0.0754717	3.7821e+06	4.1261e+06	2.2363e+06	2.6563e+06
0	45	0	23098	13196	5679	3509	714	13969	7	0.0660377	3.8181e+06	4.1261e+06	2.2363e+06	2.6563e+06
0	46	0	24077	13969	5632	3694	782	14329	8	0.0754717	3.7821e+06	4.1261e+06	2.2363e+06	2.6563e+06
0	47	0	24669	14329	5823	3731	786	14351	8	0.0754717	3.7821e+06	4.1261e+06	2.2363e+06	2.6563e+06
0	48	0	24996	14351	6122	3711	812	14394	8	0.0754717	3.7821e+06	4.1261e+06	2.2363e+06	2.6563e+06
0	49	0	25166	14394	6079	3877	816	14909	8	0.0754717	3.7821e+06	4.1261e+06	2.2363e+06	2.6563e+06
0	50	0	25786	14909	6066	3972	839	15399	8	0.0754717	3.7821e+06	4.1261e+06	2.2363e+06	2.6563e+06
0	51	0	26596	15399	6396	3952	849	15156	8	0.0754717	3.7821e+06	4.1261e+06	2.2363e+06	2.6563e+06
0	52	0	26686	15156	6538	4159	833	15758	9	0.0849057	3.7821e+06	4.1261e+06	2.2363e+06	2.6563e+06
0	53	0	27266	15758	6419	4225	864	15853	9	0.0849057	3.7821e+06	4.1261e+06	2.2363e+06	2.6563e+06
0	54	0	27454	15853	6598	4115	888	15690	9	0.0849057	3.7821e+06	4.1261e+06	2.2363e+06	2.6563e+06
0	55	0	27566	15690	6685	4294	897	16224	10	0.0943396	3.7821e+06	4.1261e+06	2.2363e+06	2.6563e+06
0	56	0	28200	16224	6689	4359	928	16556	10	0.0943396	3.7821e+06	4.1261e+06	2.2363e+06	2.6563e+06
0	57	0	28616	16556	6805	4314	941	16581	8	0.0754717	3.7821e+06	4.1261e+06	2.2363e+06	2.6563e+06
0	58	0	28843	16581	6949	4359	954	16385	9	0.0849057	3.7821e+06	4.1261e+06	2.2363e+06	2.6563e+06
0	59	0	28780	16385	6994	4438	963	16572	10	0.0943396	3.7821e+06	4.1261e+06	2.2363e+06	2.6563e+06
0	60	0	29008	16572	6950	4525	961	16986	10	0.0943396	3.7821e+06	4.1261e+06	2.2363e+06	2.6563e+06
0	61	0	29497	16986	7047	4496	968	16904	10	0.0943396	3.7821e+06	4.1261e+06	2.2363e+06	2.6563e+06
0	62	0	29378	16904	7024	4521	929	17130	10	0.0943396	3.7821e+06	4.1261e+06	2.2363e+06	2.6563e+06
0	63	0	29661	17130	6998	4562	971	17393	10	0.0943396	3.7821e+06	4.1261e+06	2.2363e+06	2.6563e+06
0	64	0	30160	17393	7218	4565	984	17922	10	0.0943396	3.7821e+06	4.1261e+06	2.2363e+06	2.6563e+06
0	65	0	30796	17922	7218	4658	998	17864	10	0.0943396	3.7821e+06	4.1261e+06	2.2363e+06	2.6563e+06
0	66	0	31033	17864	7498	4619	1052	18011	10	0.0943396	3.7821e+06	4.1261e+06	2.2363e+06	2.6563e+06
0	67	0	31401	18011	7552	4858	980	18540	10	0.0943396	3.7821e+06	4.1261e+06	2.2363e+06	2.6563e+06
0	68	0	31972	18540	7580	4839	1013	18572	10	0.0943396	3.7821e+06	4.1261e+06	2.2363e+06	2.6563e+06
0	69	0	32236	18572	7767	4869	1028	18807	10	0.0943396	3.7821e+06	4.1261e+06	2.2363e+06	2.6563e+06
0	70	0	32558	18807	7843	4873	1035	19104	10	0.0943396	3.7821e+06	4.1261e+06	2.2363e+06	2.6563e+06
0	71	0	33004	19104	7927	4880	1093	19450	10	0.0943396	3.7821e+06	4.1261e+06	2.2363e+06	2.6563e+06
0	72	0	33748	19450	8075	5111	1112	19995	10	0.0943396	3.7821e+06	4.1261e+06	2.2363e+06	2.6563e+06
0	73	0	34529	19995	8219	5238	1077	20499	10	0.0943396	3.7821e+06	4.1261e+06	2.2363e+06	2.6563e+06
0	74	0	35407	20499	8436	5313	1159	20805	10	0.0943396	3.7821e+06	4.1261e+06	2.2363e+06	2.6563e+06
0	75	0	36098	20805	8677	5433	1183	21406	10	0.0943396	3.7821e+06	4.1261e+06	2.2363e+06	2.6563e+06
0	76	0	36895	21406	8733	5625	1131	22015	10	0.0943396	3.7821e+06	4.1261e+06	2.2363e+06	2.6563e+06
0	77	0	37919	22015	9033	5647	1224	22491	10	0.0943396	3.7821e+06	4.1261e+06	2.2363e+06	2.6563e+06
0	78	0	38664	22491	9152	5822	1199	22960	10	0.0943396	3.7821e+06	4.1261e+06	2.2363e+06	2.6563e+06
0	79	0	39593	22960	9455	5941	1237	23319	10	0.0943396	3.7821e+06	4.1261e+06	2.2363e+06	2.6563e+06
0	80	0	40249	23319	9676	5984	1270	23800	10	0.0943396	3.7821e+06	4.1261e+06	2.2363e+06	2.6563e+06
0	81	0	41123	23800	9960	6068	1295	24097	10	0.0943396	3.7821e+06	4.1261e+06	2.2363e+06	2.6563e+06
0	82	0	41487	24097	9911	6152	1327	24750	10	0.0943396	3.7821e+06	4.1261e+06	2.2363e+06	2.6563e+06
0	83	0	42499	24750	10146	6303	1300	25421	11	0.103774	3.7821e+06	4.1261e+06	2.2363e+06	2.6563e+06
0	84	0	43726	25421	10404	6584	1317	25689	10	0.0943396	3.7821e+06	4.1261e+06	2.2363e+06	2.6563e+06
0	85	0	44337	25689	10623	6651	1374	26462	10	0.0943396	3.7821e+06	4.1261e+06	2.2363e+06	2.6563e+06
0	86	0	45613	26462	10990	6768	1393	27227	11	0.103774	3.7821e+06	4.1261e+06	2.2363e+06	2.6563e+06
0	87	0	47113	27227	11256	7141	1489	28097	10	0.0943396	3.7821e+06	4.1261e+06	2.2363e+06	2.6563e+06
0	88	0	48435	28097	11518	7318	1502	28745	10	0.0943396	3.7821e+06	4.1261e+06	2.2363e+06	2.6563e+06
0	89	0	49408	28745	11751	7359	1553	29198	10	0.0943396	3.7821e+06	4.1261e+06	2.2363e+06	2.6563e+06
0	90	0	50554	29198	12156	7613	1587	29566	11	0.103774	3.7821e+06	4.1261e+06	2.2363e+06	2.6563e+06
0	91	0	51259	29566	12249	7793	1651	30328	12	0.113208	3.6981e+06	4.1261e+06	2.2363e+06	2.6563e+06
0	92	0	52270	30328	12411	7779	1752	30291	12	0.113208	3.7701e+06	4.1261e+06	2.2363e+06	2.6563e+06
0	93	0	52879	30291	12932	7930	1726	31266	13	0.122642	3.7821e+06	4.1261e+06	2.2363e+06	2.6803e+06
0	94	0	53941	31266	12780	8184	1711	31763	12	0.113208	3.7701e+06	4.1261e+06	2.2363e+06	2.6563e+06
0	95	0	55010	31763	13264	8283	1700	31777	13	0.122642	3.7701e+06	4.1261e+06	2.2363e+06	2.6563e+06
0	96	0	55454	31777	13423	8478	1776	32878	13	0.122642	3.7701e+06	4.1261e+06	2.2363e+06	2.6563e+06
0	97	0	56693	32878	13355	8565	1895	33081	14	0.132075	3.7701e+06	4.1261e+06	2.2363e+06	2.6803e+06
0	98	0	57470	33081	13818	8670	1901	33540	16	0.150943	3.6981e+06	4.1261e+06	2.2363e+06	2.6803e+06
0	99	0	58315	33540	13993	8929	1853	33981	16	0.150943	3.6981e+06	4.1261e+06	2.2363e+06	2.6803e+06
0	100	0	59166	33981	14190	9033	1962	0	16	0.150943	3.6981e+06	4.1261e+06	2.2363e+06	2.6803e+06
1	0	0	200	0	0	100	100	1020	1	0.00943396	3.8581e+06	4.1261e+06	2.2363e+06	2.4483e+06
1	1	0	1101	1020	0	33	48	417	1	0.00943396	3.8581e+06	4.1261e+06	2.2363e+06	2.4483e+06
1	2	0	857	417	413	6	21	148	1	0.00943396	3.8581e+06	4.1261e+06	2.2363e+06	2.4483e+06
1	3	0	533	148	195	184	6	838	1	0.00943396	3.8581e+06	4.1261e+06	2.2363e+06	2.4483e+06
1	4	0	1069	838	75	129	27	727	1	0.00943396	3.8581e+06	4.1261e+06	2.2363e+06	2.4483e+06
1	5	0	1178	727	351	73	27	443	1	0.00943396	3.8581e+06	4.1261e+06	2.2363e+06	2.4483e+06
1	6	0	945	443	312	176	14	866	1	0.00943396	3.8581e+06	4.1261e+06	2.2363e+06	2.4483e+06
1	7	0	1294	866	201	205	22	1016	1	0.00943396	3.8581e+06	4.1261e+06	2.2363e+06	2.4483e+06
1	8	0	1576	1016	371	149	40	892	1	0.00943396	3.8581e+06	4.1261e+06	2.2363e+06	2.4483e+06
1	9	0	1577	892	426	224	35	1134	1	0.00943396	3.8581e+06	4.1261e+06	2.2363e+06	2.4483e+06
1	10	0	1826	1134	370	280	42	1434	1	0.00943396	3.8581e+06	4.1261e+06	2.2363e+06	2.4483e+06
1	11	0	2225	1434	479	255	57	1392	1	0.00943396	3.8581e+06	4.1261e+06	2.2363e+06	2.4483e+06
1	12	0	2321	1392	601	277	51	1481	1	0.00943396	3.8581e+06	4.1261e+06	2.2363e+06	2.4483e+06
1	13	0	2499	1481	611	355	52	1755	1	0.00943396	3.8581e+06	4.1261e+06	2.2363e+06	2.4483e+06
1	14	0	2831	1755	651	359	66	1864	1	0.00943396	3.8581e+06	4.1261e+06	2.2363e+06	2.4483e+06
1	15	0	3100	1864	755	405	76	2178	1	0.00943396	3.8581e+06	4.1261e+06	2.2363e+06	2.4483e+06
1	16	0	3511	2178	782	454	97	2484	1	0.00943396	3.8581e+06	4.1261e+06	2.2363e+06	2.4483e+06
1	17	0	4006	2484	936	492	94	2566	1	0.00943396	3.8581e+06	4.1261e+06	2.2363e+06	2.4483e+06
1	18	0	4288	2566	1085	535	102	2843	1	0.00943396	3.8581e+06	4.1261e+06	2.2363e+06	2.4483e+06
1	19	0	4686	2843	1069	646	128	3395	1	0.00943396	3.8581e+06	4.1261e+06	2.2363e+06	2.4483e+06
1	20	0	5438	3395	1224	674	145	3493	1	0.00943396	3.8581e+06	4.1261e+06	2.2363e+06	2.4483e+06
1	21	0	5796	3493	1393	776	134	3777	1	0.00943396	3.8581e+06	4.1261e+06	2.2363e+06	2.4483e+06
1	22	0	6276	3777	1502	849	148	4096	1	0.00943396	3.8581e+06	4.1261e+06	2.2363e+06	2.4483e+06
1	23	0	6786	4096	1532	982	176	4944	1	0.00943396	3.8581e+06	4.1261e+06	2.2363e+06	2.4483e+06
1	24	0	7866	4944	1721	1018	183	4901	1	0.00943396	3.8581e+06	4.1261e+06	2.2363e+06	2.4483e+06
1	25	0	8272	4901	2088	1074	209	5244	1	0.00943396	3.8581e+06	4.1261e+06	2.2363e+06	2.4483e+06
1	26	0	8899	5244	2125	1285	245	6129	1	0.00943396	3.8581e+06	4.1261e+06	2.2363e+06	2.4483e+06
1	27	0	9937	6129	2186	1384	238	6378	1	0.00943396	3.8581e+06	4.1261e+06	2.2363e+06	2.4483e+06
1	28	0	10690	6378	2635	1399	278	6529	1	0.00943396	3.8581e+06	4.1261e+06	2.2363e+06	2.4483e+06
1	29	0	11170	6529	2748	1588	305	7319	1	0.00943396	3.8581e+06	4.1261e+06	2.2363e+06	2.4483e+06
1	30	0	12085	7319	2671	1760	335	8048	1	0.00943396	3.8581e+06	4.1261e+06	2.2363e+06	2.4483e+06
1	31	0	13215	8048	3043	1736	388	8108	1	0.00943396	3.8581e+06	4.1261e+06	2.2363e+06	2.4483e+06
1	32	0	13709	8108	3316	1893	392	8381	1	0.00943396	3.8581e+06	4.1261e+06	2.2363e+06	2.4483e+06
1	33	0	14409	8381	3514	2085	429	9500	1	0.00943396	3.8581e+06	4.1261e+06	2.2363e+06	2.4483e+06
1	34	0	15781	9500	3584	2255	442	9867	2	0.0188679	3.8581e+06	4.1261e+06	2.2363e+06	2.4483e+06
1	35	0	16690	9867	4061	2294	468	9830	2	0.0188679	3.8581e+06	4.1261e+06	2.2363e+06	2.4483e+06
1	36	0	17070	9830	4233	2545	462	10787	2	0.0188679	3.8581e+06	4.1261e+06	2.2363e+06	2.4483e+06
1	37	0	18110	10787	4117	2684	522	11409	4	0.0377358	3.8581e+06	4.1261e+06	2.2363e+06	2.6563e+06
1	38	0	19161	11409	4524	2652	576	11186	3	0.0283019	3.8581e+06	4.1261e+06	2.2363e+06	2.4483e+06
1	39	0	19554	11186	4926	2875	567	11732	3	0.0283019	3.8581e+06	4.1261e+06	2.2363e+06	2.4483e+06
1	40	0	20236	11732	4744	3138	622	12738	7	0.0660377	3.7821e+06	4.1261e+06	2.2363e+06	2.6563e+06
1	41	0	21461	12738	5051	3047	625	12132	7	0.0660377	3.7821e+06	4.1261e+06	2.2363e+06	2.6563e+06
1	42	0	21383	12132	5393	3201	657	12823	7	0.0660377	3.7821e+06	4.1261e+06	2.2363e+06	2.6563e+06
1	43	0	22071	12823	5098	3516	634	13754	7	0.0660377	3.7821e+06	4.1261e+06	2.2363e+06	2.6563e+06
1	44	0	23271	13754	5490	3322	705	13248	7	0.0660377	3.7821e+06	4.1261e+06	2.2363e+06	2.6563e+06
1	45	0	23330	13248	5840	3559	683	13938	8	0.0754717	3.7821e+06	4.1261e+06	2.2363e+06	2.6563e+06
1	46	0	23965	13938	5575	3734	718	14722	9	0.0849057	3.7821e+06	4.1261e+06	2.2363e+06	2.6563e+06
1	47	0	24957	14722	5837	3646	752	14192	7	0.0660377	3.7821e+06	4.1261e+06	2.2363e+06	2.6563e+06
1	48	0	25028	14192	6219	3823	794	14680	10	0.0943396	3.7821e+06	4.1261e+06	2.2363e+06	2.6563e+06
1	49	0	25490	14680	6051	3930	829	15191	9	0.0849057	3.7821e+06	4.1261e+06	2.2363e+06	2.6563e+06
1	50	0	26082	15191	6151	3929	811	15116	9	0.0849057	3.7821e+06	4.1261e+06	2.2363e+06	2.6563e+06
1	51	0	26458	15116	6520	3949	873	15009	9	0.0849057	3.7821e+06	4.1261e+06	2.2363e+06	2.6563e+06
1	52	0	26481	15009	6390	4193	889	16270	9	0.0849057	3.7821e+06	4.1261e+06	2.2363e+06	2.6563e+06
1	53	0	27537	16270	6246	4143	878	15734	9	0.0849057	3.7821e+06	4.1261e+06	2.2363e+06	2.6563e+06
1	54	0	27582	15734	6849	4099	900	15549	9	0.0849057	3.7821e+06	4.1261e+06	2.2363e+06	2.6563e+06
1	55	0	27595	15549	6728	4345	973	16546	8	0.0754717	3.7821e+06	4.1261e+06	2.2363e+06	2.6563e+06
1	56	0	28398	16546	6543	4333	976	16661	8	0.0754717	3.7821e+06	4.1261e+06	2.2363e+06	2.6563e+06
1	57	0	28889	16661	7098	4205	925	16098	9	0.0849057	3.7821e+06	4.1261e+06	2.2363e+06	2.6563e+06
1	58	0	28448	16098	6942	4482	926	16974	9	0.0849057	3.7821e+06	4.1261e+06	2.2363e+06	2.6563e+06
1	59	0	29257	16974	6839	4490	954	17181	8	0.0754717	3.7821e+06	4.1261e+06	2.2363e+06	2.6563e+06
1	60	0	29744	17181	7177	4444	942	16917	9	0.0849057	3.7821e+06	4.1261e+06	2.2363e+06	2.6563e+06
1	61	0	29681	16917	7170	4658	936	17627	10	0.0943396	3.7821e+06	4.1261e+06	2.2363e+06	2.6563e+06
1	62	0	30318	17627	7058	4669	964	17819	10	0.0943396	3.7821e+06	4.1261e+06	2.2363e+06	2.6563e+06
1	63	0	30941	17819	7574	4576	972	17579	10	0.0943396	3.7821e+06	4.1261e+06	2.2363e+06	2.6563e+06
1	64	0	30996	17579	7517	4875	1025	18704	9	0.0849057	3.7821e+06	4.1261e+06	2.2363e+06	2.6563e+06
1	65	0	31957	18704	7446	4798	1009	18434	10	0.0943396	3.7821e+06	4.1261e+06	2.2363e+06	2.6563e+06
1	66	0	32134	18434	7798	4901	1001	18597	10	0.0943396	3.7821e+06	4.1261e+06	2.2363e+06	2.6563e+06
1	67	0	32418	18597	7744	5024	1053	19377	10	0.0943396	3.7821e+06	4.1261e+06	2.2363e+06	2.6563e+06
1	68	0	33245	19377	7722	5056	1090	19779	10	0.0943396	3.7821e+06	4.1261e+06	2.2363e+06	2.6563e+06
1	69	0	34109	19779	8254	4997	1079	19343	10	0.0943396	3.7821e+06	4.1261e+06	2.2363e+06	2.6563e+06
1	70	0	34172	19343	8375	5329	1125	20607	10	0.0943396	3.7821e+06	4.1261e+06	2.2363e+06	2.6563e+06
1	71	0	35278	20607	8066	5441	1164	21286	10	0.0943396	3.7821e+06	4.1261e+06	2.2363e+06	2.6563e+06
1	72	0	36379	21286	8564	5385	1144	20847	10	0.0943396	3.7821e+06	4.1261e+06	2.2363e+06	2.6563e+06
1	73	0	36425	20847	8875	5578	1125	21828	10	0.0943396	3.7821e+06	4.1261e+06	2.2363e+06	2.6563e+06
1	74	0	37435	21828	8804	5653	1150	22295	10	0.0943396	3.7821e+06	4.1261e+06	2.2363e+06	2.6563e+06
1	75	0	38349	22295	9178	5706	1170	22006	10	0.0943396	3.7821e+06	4.1261e+06	2.2363e+06	2.6563e+06
1	76	0	38490	22006	9433	5847	1204	23025	10	0.0943396	3.7821e+06	4.1261e+06	2.2363e+06	2.6563e+06
1	77	0	39611	23025	9273	6048	1265	23967	10	0.0943396	3.7821e+06	4.1261e+06	2.2363e+06	2.6563e+06
1	78	0	41229	23967	9842	6083	1337	23941	10	0.0943396	3.7821e+06	4.1261e+06	2.2363e+06	2.6563e+06
1	79	0	41696	23941	10111	6325	1319	24790	10	0.0943396	3.7821e+06	4.1261e+06	2.2363e+06	2.6563e+06
1	80	0	42812	24790	10109	6486	1427	25855	10	0.0943396	3.7821e+06	4.1261e+06	2.2363e+06	2.6563e+06
1	81	0	44502	25855	10642	6541	1464	26095	10	0.0943396	3.7821e+06	4.1261e+06	2.2363e+06	2.6563e+06
1	82	0	45271	26095	10905	6843	1428	26838	10	0.0943396	3.7821e+06	4.1261e+06	2.2363e+06	2.6563e+06
1	83	0	46435	26838	10987	7123	1487	27888	10	0.0943396	3.7821e+06	4.1261e+06	2.2363e+06	2.6563e+06
1	84	0	47965	27888	11387	7198	1492	27964	10	0.0943396	3.7821e+06	4.1261e+06	2.2363e+06	2.6563e+06
1	85	0	48571	27964	11673	7351	1583	28782	11	0.103774	3.7821e+06	4.1261e+06	2.2363e+06	2.6563e+06
1	86	0	49589	28782	11663	7525	1619	29505	10	0.0943396	3.7821e+06	4.1261e+06	2.2363e+06	2.6563e+06
1	87	0	50785	29505	12003	7615	1662	30228	11	0.103774	3.7701e+06	4.1261e+06	2.2363e+06	2.6563e+06
1	88	0	52046	30228	12383	7744	1691	30112	11	0.103774	3.7821e+06	4.1261e+06	2.2363e+06	2.6563e+06
1	89	0	52583	30112	12816	7991	1664	30804	12	0.113208	3.7701e+06	4.1261e+06	2.2363e+06	2.6563e+06
1	90	0	53631	30804	12867	8210	1750	32056	11	0.103774	3.7701e+06	4.1261e+06	2.2363e+06	2.6563e+06
1	91	0	55204	32056	13051	8392	1705	31565	14	0.132075	3.7661e+06	4.1261e+06	2.2363e+06	2.6563e+06
1	92	0	55460	31565	13562	8554	1779	32796	13	0.122642	3.7701e+06	4.1261e+06	2.2363e+06	2.6803e+06
1	93	0	56690	32796	13315	8723	1856	33541	12	0.113208	3.7701e+06	4.1261e+06	2.2363e+06	2.6563e+06
1	94	0	57796	33541	13821	8563	1871	32476	15	0.141509	3.6981e+06	4.1261e+06	2.2363e+06	2.6563e+06
1	95	0	57080	32476	13879	8856	1869	34123	16	0.150943	3.6981e+06	4.1261e+06	2.2363e+06	2.6803e+06
1	96	0	58412	34123	13512	8984	1793	33826	15	0.141509	3.6981e+06	4.1261e+06	2.2363e+06	2.6803e+06
1	97	0	58882	33826	14300	8803	1953	33812	16	0.150943	3.6981e+06	4.1261e+06	2.2363e+06	2.6803e+06
1	98	0	59246	33812	14267	9188	1979	35093	17	0.160377	3.6981e+06	4.1261e+06	2.2363e+06	2.6803e+06
1	99	0	60395	35093	14098	9249	1955	34826	17	0.160377	3.6981e+06	4.1261e+06	2.2363e+06	2.6803e+06
1	100	0	60585	34826	14710	9030	2019	0	16	0.150943	3.6981e+06	4.1261e+06	2.2363e+06	2.6803e+06
2	0	0	200	0	0	100	100	1018	1	0.00943396	3.8581e+06	4.1261e+06	2.2363e+06	2.4483e+06
2	1	0	1097	1018	0	27	52	401	1	0.00943396	3.8581e+06	4.1261e+06	2.2363e+06	2.4483e+06
2	2	0	826	401	405	4	16	122	1	0.00943396	3.8581e+06	4.1261e+06	2.2363e+06	2.4483e+06
2	3	0	494	122	180	189	3	866	1	0.00943396	3.8581e+06	4.1261e+06	2.2363e+06	2.4483e+06
2	4	0	1080	866	43	144	27	749	1	0.00943396	3.8581e+06	4.1261e+06	2.2363e+06	2.4483e+06
2	5	0	1224	749	383	60	32	445	1	0.00943396	3.8581e+06	4.1261e+06	2.2363e+06	2.4483e+06
2	6	0	987	445	317	207	18	955	1	0.00943396	3.8581e+06	4.1261e+06	2.2363e+06	2.4483e+06
2	7	0	1389	955	195	201	38	1118	1	0.00943396	3.8581e+06	4.1261e+06	2.2363e+06	2.4483e+06
2	8	0	1722	1118	414	143	47	865	1	0.00943396	3.8581e+06	4.1261e+06	2.2363e+06	2.4483e+06
2	9	0	1602	865	463	243	31	1189	1	0.00943396	3.8581e+06	4.1261e+06	2.2363e+06	2.4483e+06
2	10	0	1908	1189	373	298	48	1529	1	0.00943396	3.8581e+06	4.1261e+06	2.2363e+06	2.4483e+06
2	11	0	2356	1529	502	267	58	1485	1	0.00943396	3.8581e+06	4.1261e+06	2.2363e+06	2.4483e+06
2	12	0	2504	1485	626	328	65	1796	1	0.00943396	3.8581e+06	4.1261e+06	2.2363e+06	2.4483e+06
2	13	0	2856	1796	589	405	66	2067	1	0.00943396	3.8581e+06	4.1261e+06	2.2363e+06	2.4483e+06
2	14	0	3305	2067	761	396	81	1979	1	0.00943396	3.8581e+06	4.1261e+06	2.2363e+06	2.4483e+06
2	15	0	3413	1979	869	481	84	2513	1	0.00943396	3.8581e+06	4.1261e+06	2.2363e+06	2.4483e+06
2	16	0	3973	2513	836	542	82	2676	1	0.00943396	3.8581e+06	4.1261e+06	2.2363e+06	2.4483e+06
2	17	0	4411	2676	1095	538	102	2821	1	0.00943396	3.8581e+06	4.1261e+06	2.2363e+06	2.4483e+06
2	18	0	4804	2821	1164	702	117	3485	1	0.00943396	3.8581e+06	4.1261e+06	2.2363e+06	2.4483e+06
2	19	0	5623	3485	1227	745	166	3837	1	0.00943396	3.8581e+06	4.1261e+06	2.2363e+06	2.4483e+06
2	20	0	6246	3837	1474	789	146	3952	1	0.00943396	3.8581e+06	4.1261e+06	2.2363e+06	2.4483e+06
2	21	0	6660	3952	1628	923	157	4447	1	0.00943396	3.8581e+06	4.1261e+06	2.2363e+06	2.4483e+06
2	22	0	7349	4447	1712	996	194	4851	1	0.00943396	3.8581e+06	4.1261e+06	2.2363e+06	2.4483e+06
2	23	0	8031	4851	1928	1034	218	5023	1	0.00943396	3.8581e+06	4.1261e+06	2.2363e+06	2.4483e+06
2	24	0	8496	5023	2052	1185	236	5770	1	0.00943396	3.8581e+06	4.1261e+06	2.2363e+06	2.4483e+06
2	25	0	9391	5770	2124	1255	242	6027	1	0.00943396	3.8581e+06	4.1261e+06	2.2363e+06	2.4483e+06
2	26	0	10084	6027	2513	1279	265	6148	2	0.0188679	3.8581e+06	4.1261e+06	2.2363e+06	2.4483e+06
2	27	0	10530	6148	2553	1538	291	7316	3	0.0283019	3.8581e+06	4.1261e+06	2.2363e+06	2.6563e+06
2	28	0	11949	7316	2643	1661	329	7616	2	0.0188679	3.8581e+06	4.1261e+06	2.2363e+06	2.6563e+06
2	29	0	12647	7616	3045	1662	324	7676	1	0.00943396	3.8581e+06	4.1261e+06	2.2363e+06	2.4483e+06
2	30	0	13099	7676	3196	1901	326	8360	2	0.0188679	3.8581e+06	4.1261e+06	2.2363e+06	2.6563e+06
2	31	0	13951	8360	3162	2025	404	8948	2	0.0188679	3.8581e+06	4.1261e+06	2.2363e+06	2.6563e+06
2	32	0	15057	8948	3593	2079	437	9337	2	0.0188679	3.8581e+06	4.1261e+06	2.2363e+06	2.6563e+06
2	33	0	15850	9337	3831	2206	476	9822	2	0.0188679	3.8581e+06	4.1261e+06	2.2363e+06	2.6563e+06
2	34	0	16703	9822	3993	2411	477	10335	2	0.0188679	3.8581e+06	4.1261e+06	2.2363e+06	2.6563e+06
2	35	0	17603	10335	4205	2528	535	10942	4	0.0377358	3.8581e+06	4.1261e+06	2.2363e+06	2.6563e+06
2	36	0	18674	10942	4494	2676	562	11315	2	0.0188679	3.8581e+06	4.1261e+06	2.2363e+06	2.6563e+06
2	37	0	19534	11315	4681	2961	577	12114	3	0.0283019	3.8581e+06	4.1261e+06	2.2363e+06	2.6563e+06
2	38	0	20554	12114	4803	3012	625	12195	5	0.0471698	3.7821e+06	4.1261e+06	2.2363e+06	2.6563e+06
2	39	0	21035	12195	5160	3022	658	12365	5	0.0471698	3.8181e+06	4.1261e+06	2.2363e+06	2.6563e+06
2	40	0	21476	12365	5224	3233	654	13085	5	0.0471698	3.8581e+06	4.1261e+06	2.2363e+06	2.6563e+06
2	41	0	22527	13085	5347	3418	677	13370	8	0.0754717	3.7821e+06	4.1261e+06	2.2363e+06	2.6563e+06
2	42	0	23150	13370	5590	3490	700	13665	7	0.0660377	3.7821e+06	4.1261e+06	2.2363e+06	2.6563e+06
2	43	0	23624	13665	5639	3562	758	14099	8	0.0754717	3.7821e+06	4.1261e+06	2.2363e+06	2.6563e+06
2	44	0	24227	14099	5713	3632	783	14226	8	0.0754717	3.7821e+06	4.1261e+06	2.2363e+06	2.6563e+06
2	45	0	24678	14226	6003	3655	794	14157	8	0.0754717	3.7821e+06	4.1261e+06	2.2363e+06	2.6563e+06
2	46	0	24819	14157	6031	3777	854	14939	8	0.0754717	3.7821e+06	4.1261e+06	2.2363e+06	2.6563e+06
2	47	0	25611	14939	5947	3873	852	14936	8	0.0754717	3.7821e+06	4.1261e+06	2.2363e+06	2.6563e+06
2	48	0	25962	14936	6298	3861	867	15102	8	0.0754717	3.7821e+06	4.1261e+06	2.2363e+06	2.6563e+06
2	49	0	26242	15102	6320	3943	877	15563	9	0.0849057	3.7821e+06	4.1261e+06	2.2363e+06	2.6563e+06
2	50	0	26768	15563	6321	4047	837	15246	8	0.0754717	3.7821e+06	4.1261e+06	2.2363e+06	2.6563e+06
2	51	0	26797	15246	6541	4072	938	15945	9	0.0849057	3.7821e+06	4.1261e+06	2.2363e+06	2.6563e+06
2	52	0	27479	15945	6384	4285	865	16330	9	0.0849057	3.7821e+06	4.1261e+06	2.2363e+06	2.6563e+06
2	53	0	28165	16330	6715	4192	928	16008	9	0.0849057	3.7821e+06	4.1261e+06	2.2363e+06	2.6563e+06
2	54	0	28161	16008	6889	4349	915	16388	10	0.0943396	3.7821e+06	4.1261e+06	2.2363e+06	2.6563e+06
2	55	0	28643	16388	6817	4455	983	16942	9	0.0849057	3.7821e+06	4.1261e+06	2.2363e+06	2.6563e+06
2	56	0	29322	16942	6909	4481	990	17007	9	0.0849057	3.7821e+06	4.1261e+06	2.2363e+06	2.6563e+06
2	57	0	29573	17007	7097	4501	968	17026	10	0.0943396	3.7821e+06	4.1261e+06	2.2363e+06	2.6563e+06
2	58	0	29716	17026	7153	4556	981	17349	10	0.0943396	3.7821e+06	4.1261e+06	2.2363e+06	2.6563e+06
2	59	0	30076	17349	7112	4622	993	17695	9	0.0849057	3.7821e+06	4.1261e+06	2.2363e+06	2.6563e+06
2	60	0	30631	17695	7264	4671	1001	17799	10	0.0943396	3.7821e+06	4.1261e+06	2.2363e+06	2.6563e+06
2	61	0	30758	17799	7346	4641	972	17703	10	0.0943396	3.7821e+06	4.1261e+06	2.2363e+06	2.6563e+06
2	62	0	31001	17703	7488	4772	1038	18301	10	0.0943396	3.7821e+06	4.1261e+06	2.2363e+06	2.6563e+06
2	63	0	31586	18301	7468	4800	1017	18610	10	0.0943396	3.7821e+06	4.1261e+06	2.2363e+06	2.6563e+06
2	64	0	32032	18610	7546	4827	1049	18750	10	0.0943396	3.7821e+06	4.1261e+06	2.2363e+06	2.6563e+06
2	65	0	32545	18750	7802	4913	1080	19213	10	0.0943396	3.7821e+06	4.1261e+06	2.2363e+06	2.6563e+06
2	66	0	33209	19213	7828	5137	1031	19591	9	0.0849057	3.7821e+06	4.1261e+06	2.2363e+06	2.6563e+06
2	67	0	33715	19591	8023	5042	1059	19623	10	0.0943396	3.7821e+06	4.1261e+06	2.2363e+06	2.6563e+06
2	68	0	34075	19623	8191	5219	1042	20093	10	0.0943396	3.7821e+06	4.1261e+06	2.2363e+06	2.6563e+06
2	69	0	34823	20093	8315	5346	1069	20733	10	0.0943396	3.7821e+06	4.1261e+06	2.2363e+06	2.6563e+06
2	70	0	35718	20733	8430	5413	1142	21017	10	0.0943396	3.7821e+06	4.1261e+06	2.2363e+06	2.6563e+06
2	71	0	36313	21017	8665	5468	1163	21265	10	0.0943396	3.7821e+06	4.1261e+06	2.2363e+06	2.6563e+06
2	72	0	37012	21265	8900	5693	1154	22154	10	0.0943396	3.7821e+06	4.1261e+06	2.2363e+06	2.6563e+06
2	73	0	38011	22154	8888	5745	1224	22613	10	0.0943396	3.7821e+06	4.1261e+06	2.2363e+06	2.6563e+06
2	74	0	39106	22613	9391	5811	1291	23347	10	0.0943396	3.7821e+06	4.1261e+06	2.2363e+06	2.6563e+06
2	75	0	40131	23347	9481	6094	1209	23682	10	0.0943396	3.7821e+06	4.1261e+06	2.2363e+06	2.6563e+06
2	76	0	40863	23682	9683	6149	1349	24688	10	0.0943396	3.7821e+06	4.1261e+06	2.2363e+06	2.6563e+06
2	77	0	42117	24688	9777	6252	1400	25249	12	0.113208	3.7701e+06	4.1261e+06	2.2363e+06	2.6803e+06
2	78	0	43370	25249	10308	6437	1376	25389	11	0.103774	3.7701e+06	4.1261e+06	2.2363e+06	2.6563e+06
2	79	0	44038	25389	10642	6591	1416	26249	10	0.0943396	3.7821e+06	4.1261e+06	2.2363e+06	2.6563e+06
2	80	0	45278	26249	10755	6806	1468	26736	10	0.0943396	3.7821e+06	4.1261e+06	2.2363e+06	2.6563e+06
2	81	0	46219	26736	11038	6887	1558	27629	11	0.103774	3.7701e+06	4.1261e+06	2.2363e+06	2.6563e+06
2	82	0	47675	27629	11503	7020	1523	27723	11	0.103774	3.7701e+06	4.1261e+06	2.2363e+06	2.6563e+06
2	83	0	48302	27723	11690	7292	1597	29008	10	0.0943396	3.7821e+06	4.1261e+06	2.2363e+06	2.6563e+06
2	84	0	49803	29008	11741	7484	1570	29401	11	0.103774	3.7701e+06	4.1261e+06	2.2363e+06	2.6563e+06
2	85	0	50722	29401	12178	7538	1605	29718	11	0.103774	3.7701e+06	4.1261e+06	2.2363e+06	2.6563e+06
2	86	0	51631	29718	12496	7773	1644	30238	11	0.103774	3.7661e+06	4.1261e+06	2.2363e+06	2.6563e+06
2	87	0	52606	30238	12590	8096	1682	31399	11	0.103774	3.7661e+06	4.1261e+06	2.2363e+06	2.6563e+06
2	88	0	53867	31399	12659	8058	1751	31155	12	0.113208	3.7661e+06	4.1261e+06	2.2363e+06	2.6563e+06
2	89	0	54509	31155	13384	8182	1788	31819	12	0.113208	3.7661e+06	4.1261e+06	2.2363e+06	2.6563e+06
2	90	0	55350	31819	13166	8535	1830	33193	13	0.122642	3.7701e+06	4.1261e+06	2.2363e+06	2.6803e+06
2	91	0	56860	33193	13254	8534	1879	32808	13	0.122642	3.7661e+06	4.1261e+06	2.2363e+06	2.6563e+06
2	92	0	57471	32808	14255	8595	1813	32746	13	0.122642	3.7661e+06	4.1261e+06	2.2363e+06	2.6803e+06
2	93	0	57574	32746	13914	9072	1842	34490	14	0.132075	3.7661e+06	4.1261e+06	2.2363e+06	2.6803e+06
2	94	0	59309	34490	13929	8986	1904	33937	14	0.132075	3.6981e+06	4.1261e+06	2.2363e+06	2.6803e+06
2	95	0	59382	33937	14498	9014	1933	34091	14	0.132075	3.6981e+06	4.1261e+06	2.2363e+06	2.6803e+06
2	96	0	59766	34091	14391	9364	1920	34815	15	0.141509	3.6981e+06	4.1261e+06	2.2363e+06	2.6803e+06
2	97	0	60706	34815	14503	9344	2044	35597	15	0.141509	3.6981e+06	4.1261e+06	2.2363e+06	2.6803e+06
2	98	0	61589	35597	14725	9240	2027	34923	14	0.132075	3.6981e+06	4.1261e+06	2.2363e+06	2.6803e+06
2	99	0	61366	34923	15067	9353	2023	34845	17	0.160377	3.6981e+06	4.1261e+06	2.2363e+06	2.6803e+06
2	100	0	61447	34845	14787	9802	2013	0	17	0.160377	3.6981e+06	4.1261e+06	2.2363e+06	2.6803e+06
3	0	0	200	0	0	100	100	1074	1	0.00943396	3.8581e+06	4.1261e+06	2.2363e+06	2.4483e+06
3	1	0	1137	1074	0	19	44	334	1	0.00943396	3.8581e+06	4.1261e+06	2.2363e+06	2.4483e+06
3	2	0	820	334	460	7	19	129	1	0.00943396	3.8581e+06	4.1261e+06	2.2363e+06	2.4483e+06
3	3	0	499	129	141	221	8	1022	1	0.00943396	3.8581e+06	4.1261e+06	2.2363e+06	2.4483e+06
3	4	0	1228	1022	50	120	36	748	1	0.00943396	3.8581e+06	4.1261e+06	2.2363e+06	2.4483e+06
3	5	0	1245	748	425	44	28	375	1	0.00943396	3.8581e+06	4.1261e+06	2.2363e+06	2.4483e+06
3	6	0	926	375	332	204	15	941	1	0.00943396	3.8581e+06	4.1261e+06	2.2363e+06	2.4483e+06
3	7	0	1341	941	162	205	33	1082	1	0.00943396	3.8581e+06	4.1261e+06	2.2363e+06	2.4483e+06
3	8	0	1632	1082	381	133	36	803	1	0.00943396	3.8581e+06	4.1261e+06	2.2363e+06	2.4483e+06
3	9	0	1510	803	473	205	29	1039	1	0.00943396	3.8581e+06	4.1261e+06	2.2363e+06	2.4483e+06
3	10	0	1692	1039	331	284	38	1426	1	0.00943396	3.8581e+06	4.1261e+06	2.2363e+06	2.4483e+06
3	11	0	2155	1426	429	243	57	1351	1	0.00943396	3.8581e+06	4.1261e+06	2.2363e+06	2.4483e+06
3	12	0	2253	1351	572	266	64	1490	1	0.00943396	3.8581e+06	4.1261e+06	2.2363e+06	2.4483e+06
3	13	0	2493	1490	602	337	64	1786	1	0.00943396	3.8581e+06	4.1261e+06	2.2363e+06	2.4483e+06
3	14	0	2852	1786	632	376	58	1839	1	0.00943396	3.8581e+06	4.1261e+06	2.2363e+06	2.4483e+06
3	15	0	3060	1839	746	394	81	2058	1	0.00943396	3.8581e+06	4.1261e+06	2.2363e+06	2.4483e+06
3	16	0	3363	2058	766	456	83	2360	1	0.00943396	3.8581e+06	4.1261e+06	2.2363e+06	2.4483e+06
3	17	0	3810	2360	861	489	100	2707	1	0.00943396	3.8581e+06	4.1261e+06	2.2363e+06	2.4483e+06
3	18	0	4406	2707	1043	558	98	2956	1	0.00943396	3.8581e+06	4.1261e+06	2.2363e+06	2.4483e+06
3	19	0	4841	2956	1143	645	97	3035	1	0.00943396	3.8581e+06	4.1261e+06	2.2363e+06	2.4483e+06
3	20	0	5197	3035	1300	736	126	3727	1	0.00943396	3.8581e+06	4.1261e+06	2.2363e+06	2.4483e+06
3	21	0	5972	3727	1298	779	168	4066	1	0.00943396	3.8581e+06	4.1261e+06	2.2363e+06	2.4483e+06
3	22	0	6651	4066	1597	809	179	4173	1	0.00943396	3.8581e+06	4.1261e+06	2.2363e+06	2.4483e+06
3	23	0	7089	4173	1745	981	190	4899	1	0.00943396	3.8581e+06	4.1261e+06	2.2363e+06	2.4483e+06
3	24	0	7916	4899	1759	1056	202	5001	1	0.00943396	3.8581e+06	4.1261e+06	2.2363e+06	2.4483e+06
3	25	0	8456	5001	2120	1133	202	5428	1	0.00943396	3.8581e+06	4.1261e+06	2.2363e+06	2.4483e+06
3	26	0	9145	5428	2127	1339	251	6460	1	0.00943396	3.8581e+06	4.1261e+06	2.2363e+06	2.4483e+06
3	27	0	10502	6460	2376	1365	301	6590	1	0.00943396	3.8581e+06	4.1261e+06	2.2363e+06	2.4483e+06
3	28	0	11100	6590	2702	1508	300	7150	1	0.00943396	3.8581e+06	4.1261e+06	2.2363e+06	2.4483e+06
3	29	0	11892	7150	2715	1716	311	7861	1	0.00943396	3.8581e+06	4.1261e+06	2.2363e+06	2.4483e+06
3	30	0	12991	7861	3032	1748	350	7844	1	0.00943396	3.8581e+06	4.1261e+06	2.2363e+06	2.4483e+06
3	31	0	13500	7844	3343	1947	366	8846	1	0.00943396	3.8581e+06	4.1261e+06	2.2363e+06	2.4483e+06
3	32	0	14725	8846	3384	2114	381	9115	1	0.00943396	3.8581e+06	4.1261e+06	2.2363e+06	2.4483e+06
3	33	0	15491	9115	3826	2096	454	9340	1	0.00943396	3.8581e+06	4.1261e+06	2.2363e+06	2.4483e+06
3	34	0	16050	9340	3885	2373	452	10357	2	0.0188679	3.8581e+06	4.1261e+06	2.2363e+06	2.4483e+06
3	35	0	17412	10357	4015	2537	503	10715	1	0.00943396	3.8581e+06	4.1261e+06	2.2363e+06	2.4483e+06
3	36	0	18270	10715	4392	2611	552	11126	3	0.0283019	3.8581e+06	4.1261e+06	2.2363e+06	2.4483e+06
3	37	0	18994	11126	4503	2780	585	11617	4	0.0377358	3.7821e+06	4.1261e+06	2.2363e+06	2.4483e+06
3	38	0	19731	11617	4628	2844	642	12201	5	0.0471698	3.8581e+06	4.1261e+06	2.2363e+06	2.6563e+06
3	39	0	20670	12201	4875	3010	584	12162	7	0.0660377	3.7821e+06	4.1261e+06	2.2363e+06	2.6563e+06
3	40	0	21138	12162	5248	3109	619	12451	5	0.0471698	3.8581e+06	4.1261e+06	2.2363e+06	2.6563e+06
3	41	0	21778	12451	5209	3440	678	13760	7	0.0660377	3.7821e+06	4.1261e+06	2.2363e+06	2.6563e+06
3	42	0	23205	13760	5348	3353	744	13491	7	0.0660377	3.7821e+06	4.1261e+06	2.2363e+06	2.6563e+06
3	43	0	23426	13491	5724	3462	749	13522	7	0.0660377	3.8581e+06	4.1261e+06	2.2363e+06	2.6563e+06
3	44	0	23657	13522	5732	3637	766	14282	7	0.0660377	3.8181e+06	4.1261e+06	2.2363e+06	2.6563e+06
3	45	0	24399	14282	5684	3681	752	14137	9	0.0849057	3.7821e+06	4.1261e+06	2.2363e+06	2.6563e+06
3	46	0	24587	14137	5972	3700	778	14370	9	0.0849057	3.7821e+06	4.1261e+06	2.2363e+06	2.6563e+06
3	47	0	24999	14370	6072	3775	782	14469	9	0.0849057	3.7821e+06	4.1261e+06	2.2363e+06	2.6563e+06
3	48	0	25361	14469	6124	3958	810	15230	9	0.0849057	3.7821e+06	4.1261e+06	2.2363e+06	2.6563e+06
3	49	0	26131	15230	6108	3937	856	15380	8	0.0754717	3.7821e+06	4.1261e+06	2.2363e+06	2.6563e+06
3	50	0	26631	15380	6395	4004	852	15285	9	0.0849057	3.7821e+06	4.1261e+06	2.2363e+06	2.6563e+06
3	51	0	26784	15285	6524	4082	893	15710	9	0.0849057	3.7821e+06	4.1261e+06	2.2363e+06	2.6563e+06
3	52	0	27293	15710	6469	4226	888	16268	9	0.0849057	3.7821e+06	4.1261e+06	2.2363e+06	2.6563e+06
3	53	0	27998	16268	6548	4259	923	16060	10	0.0943396	3.7821e+06	4.1261e+06	2.2363e+06	2.6563e+06
3	54	0	28016	16060	6872	4135	949	15835	10	0.0943396	3.7821e+06	4.1261e+06	2.2363e+06	2.6563e+06
3	55	0	27856	15835	6703	4411	907	16696	9	0.0849057	3.7821e+06	4.1261e+06	2.2363e+06	2.6563e+06
3	56	0	28700	16696	6699	4335	970	16628	10	0.0943396	3.7821e+06	4.1261e+06	2.2363e+06	2.6563e+06
3	57	0	28982	16628	6983	4446	925	16514	10	0.0943396	3.7821e+06	4.1261e+06	2.2363e+06	2.6563e+06
3	58	0	28797	16514	6830	4533	920	17018	10	0.0943396	3.7821e+06	4.1261e+06	2.2363e+06	2.6563e+06
3	59	0	29358	17018	6901	4447	992	16954	10	0.0943396	3.7821e+06	4.1261e+06	2.2363e+06	2.6563e+06
3	60	0	29587	16954	7168	4493	972	17065	10	0.0943396	3.7821e+06	4.1261e+06	2.2363e+06	2.6563e+06
3	61	0	29715	17065	7092	4588	970	17447	10	0.0943396	3.7821e+06	4.1261e+06	2.2363e+06	2.6563e+06
3	62	0	30341	17447	7201	4681	1012	17924	10	0.0943396	3.7821e+06	4.1261e+06	2.2363e+06	2.6563e+06
3	63	0	30867	17924	7282	4705	956	17720	10	0.0943396	3.7821e+06	4.1261e+06	2.2363e+06	2.6563e+06
3	64	0	31028	17720	7583	4745	980	17941	10	0.0943396	3.7821e+06	4.1261e+06	2.2363e+06	2.6563e+06
3	65	0	31236	17941	7402	4891	1002	18181	10	0.0943396	3.7821e+06	4.1261e+06	2.2363e+06	2.6563e+06
3	66	0	31698	18181	7632	4821	1064	18302	10	0.0943396	3.7821e+06	4.1261e+06	2.2363e+06	2.6563e+06
3	67	0	31912	18302	7648	4922	1040	18566	10	0.0943396	3.7821e+06	4.1261e+06	2.2363e+06	2.6563e+06
3	68	0	32334	18566	7773	4913	1082	19099	10	0.0943396	3.7821e+06	4.1261e+06	2.2363e+06	2.6563e+06
3	69	0	32894	19099	7719	4956	1120	19172	10	0.0943396	3.7821e+06	4.1261e+06	2.2363e+06	2.6563e+06
3	70	0	33334	19172	8034	5038	1090	19382	10	0.0943396	3.7821e+06	4.1261e+06	2.2363e+06	2.6563e+06
3	71	0	33864	19382	8078	5290	1114	20329	10	0.0943396	3.7821e+06	4.1261e+06	2.2363e+06	2.6563e+06
3	72	0	34688	20329	7898	5308	1153	20538	10	0.0943396	3.7821e+06	4.1261e+06	2.2363e+06	2.6563e+06
3	73	0	35461	20538	8575	5141	1207	20279	10	0.0943396	3.7821e+06	4.1261e+06	2.2363e+06	2.6563e+06
3	74	0	35574	20279	8663	5496	1136	21177	10	0.0943396	3.7821e+06	4.1261e+06	2.2363e+06	2.6563e+06
3	75	0	36396	21177	8476	5594	1149	21510	10	0.0943396	3.7821e+06	4.1261e+06	2.2363e+06	2.6563e+06
3	76	0	36991	21510	8776	5497	1208	21650	10	0.0943396	3.7821e+06	4.1261e+06	2.2363e+06	2.6563e+06
3	77	0	37595	21650	9028	5709	1208	22443	10	0.0943396	3.7821e+06	4.1261e+06	2.2363e+06	2.6563e+06
3	78	0	38600	22443	9116	5812	1229	22909	10	0.0943396	3.7821e+06	4.1261e+06	2.2363e+06	2.6563e+06
3	79	0	39598	22909	9458	5937	1294	23409	10	0.0943396	3.7821e+06	4.1261e+06	2.2363e+06	2.6563e+06
3	80	0	40550	23409	9687	6134	1320	23790	10	0.0943396	3.7821e+06	4.1261e+06	2.2363e+06	2.6563e+06
3	81	0	41336	23790	9980	6174	1392	24455	10	0.0943396	3.7821e+06	4.1261e+06	2.2363e+06	2.6563e+06
3	82	0	42217	24455	10054	6351	1357	25040	10	0.0943396	3.7821e+06	4.1261e+06	2.2363e+06	2.6563e+06
3	83	0	43358	25040	10450	6454	1414	25605	10	0.0943396	3.7821e+06	4.1261e+06	2.2363e+06	2.6563e+06
3	84	0	44183	25605	10515	6666	1397	26018	10	0.0943396	3.7821e+06	4.1261e+06	2.2363e+06	2.6563e+06
3	85	0	44970	26018	10643	6828	1481	26898	11	0.103774	3.7821e+06	4.1261e+06	2.2363e+06	2.6563e+06
3	86	0	46378	26898	11078	6879	1523	27388	11	0.103774	3.7701e+06	4.1261e+06	2.2363e+06	2.6563e+06
3	87	0	47348	27388	11368	7101	1491	27962	10	0.0943396	3.7821e+06	4.1261e+06	2.2363e+06	2.6563e+06
3	88	0	48374	27962	11588	7277	1547	28578	11	0.103774	3.7821e+06	4.1261e+06	2.2363e+06	2.6563e+06
3	89	0	49300	28578	11772	7400	1550	28603	10	0.0943396	3.7821e+06	4.1261e+06	2.2363e+06	2.6563e+06
3	90	0	49877	28603	12032	7612	1630	30051	10	0.0943396	3.7821e+06	4.1261e+06	2.2363e+06	2.6563e+06
3	91	0	51437	30051	12014	7746	1626	29977	11	0.103774	3.7821e+06	4.1261e+06	2.2363e+06	2.6563e+06
3	92	0	52112	29977	12735	7755	1645	30229	12	0.113208	3.7821e+06	4.1261e+06	2.2363e+06	2.6563e+06
3	93	0	52705	30229	12702	8077	1697	31318	10	0.0943396	3.7821e+06	4.1261e+06	2.2363e+06	2.6563e+06
3	94	0	54103	31318	12747	8298	1740	32055	11	0.103774	3.7821e+06	4.1261e+06	2.2363e+06	2.6563e+06
3	95	0	55235	32055	13169	8207	1804	32025	11	0.103774	3.7821e+06	4.1261e+06	2.2363e+06	2.6563e+06
3	96	0	55980	32025	13611	8460	1884	33012	11	0.103774	3.7821e+06	4.1261e+06	2.2363e+06	2.6563e+06
3	97	0	57108	33012	13390	8799	1907	33719	11	0.103774	3.7661e+06	4.1261e+06	2.2363e+06	2.6563e+06
3	98	0	58221	33719	13938	8673	1891	33015	11	0.103774	3.7821e+06	4.1261e+06	2.2363e+06	2.6563e+06
3	99	0	58016	33015	14205	8922	1874	34065	11	0.103774	3.7821e+06	4.1261e+06	2.2363e+06	2.6563e+06
3	100	0	58996	34065	13781	9220	1930	0	13	0.122642	3.6981e+06	4.1261e+06	2.2363e+06	2.6563e+06
