Rep	Year	RepSeason	NInds	NInd_stage1	NInd_stage2	NInd_stage3	NInd_stage4	NJuvs	NOccupPatches	Occup/Suit	min_X	max_X	min_Y	max_Y
0	0	0	40	0	0	20	20	168	1	0.00943396	3.6661e+06	3.7541e+06	2.7443e+06	2.7843e+06
0	1	0	181	168	0	4	9	67	1	0.00943396	3.6661e+06	3.7541e+06	2.7443e+06	2.7843e+06
0	2	0	127	67	58	1	1	12	1	0.00943396	3.6661e+06	3.7541e+06	2.7443e+06	2.7843e+06
0	3	0	77	12	26	39	0	184	1	0.00943396	3.6661e+06	3.7541e+06	2.7443e+06	2.7843e+06
0	4	0	227	184	4	32	7	169	1	0.00943396	3.6661e+06	3.7541e+06	2.7443e+06	2.7843e+06
0	5	0	281	169	94	7	11	93	1	0.00943396	3.6661e+06	3.7541e+06	2.7443e+06	2.7843e+06
0	6	0	229	93	74	57	5	271	1	0.00943396	3.6661e+06	3.7541e+06	2.7443e+06	2.7843e+06
0	7	0	369	271	23	64	11	361	1	0.00943396	3.6661e+06	3.7541e+06	2.7443e+06	2.7843e+06
0	8	0	523	361	110	33	19	242	1	0.00943396	3.6661e+06	3.7541e+06	2.7443e+06	2.7843e+06
0	9	0	473	242	139	82	10	375	1	0.00943396	3.6661e+06	3.7541e+06	2.7443e+06	2.7843e+06
0	10	0	613	375	104	112	22	519	1	0.00943396	3.6661e+06	3.7541e+06	2.7443e+06	2.7843e+06
0	11	0	783	519	160	81	23	407	1	0.00943396	3.6661e+06	3.7541e+06	2.7443e+06	2.7843e+06
0	12	0	773	407	234	115	17	547	1	0.00943396	3.6661e+06	3.7541e+06	2.7443e+06	2.7843e+06
0	13	0	913	547	177	166	23	793	1	0.00943396	3.6661e+06	3.7541e+06	2.7443e+06	2.7843e+06
0	14	0	1178	793	218	133	34	647	1	0.00943396	3.6661e+06	3.7541e+06	2.7443e+06	2.7843e+06
0	15	0	1163	647	312	175	29	808	1	0.00943396	3.6661e+06	3.7541e+06	2.7443e+06	2.7843e+06
0	16	0	1393	808	284	257	44	1211	1	0.00943396	3.6661e+06	3.7541e+06	2.7443e+06	2.7843e+06
0	17	0	1839	1211	333	248	47	1088	1	0.00943396	3.6661e+06	3.7541e+06	2.7443e+06	2.7843e+06
0	18	0	1951	1088	493	300	70	1400	1	0.00943396	3.6661e+06	3.7541e+06	2.7443e+06	2.7843e+06
0	19	0	2333	1400	471	382	80	1593	1	0.00943396	3.6661e+06	3.7541e+06	2.7443e+06	2.7843e+06
0	20	0	2684	1593	596	410	85	1597	1	0.00943396	3.6661e+06	3.7541e+06	2.7443e+06	2.7843e+06
0	21	0	2846	1597	679	495	75	1910	2	0.0188679	3.6661e+06	3.7861e+06	2.7443e+06	2.7843e+06
0	22	0	3301	1910	707	581	103	2145	2	0.0188679	3.6661e+06	3.7541e+06	2.7003e+06	2.7843e+06
0	23	0	3673	2145	798	597	133	2140	2	0.0188679	3.6661e+06	3.7541e+06	2.7003e+06	2.7843e+06
0	24	0	3833	2140	899	660	134	2348	3	0.0283019	3.6661e+06	3.7861e+06	2.7003e+06	2.7843e+06
0	25	0	4107	2348	884	735	140	2586	4	0.0377358	3.6661e+06	3.7861e+06	2.7003e+06	2.8043e+06
0	26	0	4433	2586	918	766	163	2682	4	0.0377358	3.6661e+06	3.7861e+06	2.7003e+06	2.8043e+06
0	27	0	4655	2682	1050	771	152	2634	4	0.0377358	3.6661e+06	3.7861e+06	2.7003e+06	2.8043e+06
0	28	0	4775	2634	1075	888	178	3142	4	0.0377358	3.6661e+06	3.7861e+06	2.7003e+06	2.8043e+06
0	29	0	5349	3142	1080	937	190	3346	4	0.0377358	3.6661e+06	3.7861e+06	2.7003e+06	2.8043e+06
0	30	0	5702	3346	1238	918	200	3321	4	0.0377358	3.6661e+06	3.7861e+06	2.7003e+06	2.8043e+06
0	31	0	5989	3321	1392	1081	195	3783	4	0.0377358	3.6661e+06	3.7861e+06	2.7003e+06	2.8043e+06
0	32	0	6543	3783	1369	1187	204	4034	4	0.0377358	3.6661e+06	3.7861e+06	2.7003e+06	2.8043e+06
0	33	0	7004	4034	1517	1180	273	4264	4	0.0377358	3.6661e+06	3.7861e+06	2.7003e+06	2.8043e+06
0	34	0	7488	4264	1674	1294	256	4524	4	0.0377358	3.6661e+06	3.7861e+06	2.7003e+06	2.8043e+06
0	35	0	7974	4524	1750	1419	281	4877	4	0.0377358	3.6661e+06	3.7861e+06	2.7003e+06	2.8043e+06
0	36	0	8471	4877	1778	1500	316	5250	4	0.0377358	3.6661e+06	3.7861e+06	2.7003e+06	2.8043e+06
0	37	0	9100	5250	1994	1519	337	5362	4	0.0377358	3.6661e+06	3.7861e+06	2.7003e+06	2.8043e+06
0	38	0	9457	5362	2109	1679	307	5367	4	0.0377358	3.6661e+06	3.7861e+06	2.7003e+06	2.8043e+06
0	39	0	9619	5367	2079	1818	355	5965	4	0.0377358	3.6661e+06	3.7861e+06	2.7003e+06	2.8043e+06
0	40	0	10222	5965	2065	1811	381	5683	4	0.0377358	3.6661e+06	3.7861e+06	2.7003e+06	2.8043e+06
0	41	0	10146	5683	2322	1779	362	5861	4	0.0377358	3.6661e+06	3.7861e+06	2.7003e+06	2.8043e+06
0	42	0	10402	5861	2205	1944	392	6247	4	0.0377358	3.6661e+06	3.7861e+06	2.7003e+06	2.8043e+06
0	43	0	10792	6247	2200	1945	400	5953	4	0.0377358	3.6661e+06	3.7861e+06	2.7003e+06	2.8043e+06
0	44	0	10585	5953	2344	1909	379	5981	4	0.0377358	3.6661e+06	3.7861e+06	2.7003e+06	2.8043e+06
0	45	0	10623	5981	2238	1978	426	6042	4	0.0377358	3.6661e+06	3.7861e+06	2.7003e+06	2.8043e+06
0	46	0	10706	6042	2274	1942	448	6193	4	0.0377358	3.6661e+06	3.7861e+06	2.7003e+06	2.8043e+06
0	47	0	10837	6193	2245	1983	416	6262	4	0.0377358	3.6661e+06	3.7861e+06	2.7003e+06	2.8043e+06
0	48	0	10986	6262	2317	1957	450	6272	4	0.0377358	3.6661e+06	3.7861e+06	2.7003e+06	2.8043e+06
0	49	0	11075	6272	2376	1989	438	6283	5	0.0471698	3.6661e+06	3.8101e+06	2.7003e+06	2.8523e+06
0	50	0	11067	6283	2335	2008	441	6300	5	0.0471698	3.6661e+06	3.8101e+06	2.7003e+06	2.8523e+06
0	51	0	11138	6300	2361	2033	444	6516	4	0.0377358	3.6661e+06	3.7861e+06	2.7003e+06	2.8043e+06
0	52	0	11315	6516	2275	2049	475	6331	5	0.0471698	3.6661e+06	3.8101e+06	2.7003e+06	2.8523e+06
0	53	0	11195	6331	2417	1966	481	6204	6	0.0566038	3.6661e+06	3.8101e+06	2.7003e+06	2.8523e+06
0	54	0	11074	6204	2337	2067	466	6309	5	0.0471698	3.6661e+06	3.7901e+06	2.7003e+06	2.8363e+06
0	55	0	11046	6309	2297	2006	434	6241	6	0.0566038	3.6661e+06	3.8101e+06	2.7003e+06	2.8523e+06
0	56	0	10931	6241	2271	1974	445	6276	6	0.0566038	3.6661e+06	3.8101e+06	2.7003e+06	2.8523e+06
0	57	0	11056	6276	2350	1991	439	6301	6	0.0566038	3.6661e+06	3.8101e+06	2.7003e+06	2.8523e+06
0	58	0	11117	6301	2329	2060	427	6355	6	0.0566038	3.6661e+06	3.8101e+06	2.7003e+06	2.8523e+06
0	59	0	11182	6355	2353	2045	429	6414	6	0.0566038	3.6661e+06	3.8101e+06	2.7003e+06	2.8523e+06
0	60	0	11177	6414	2301	2033	429	6298	6	0.0566038	3.6661e+06	3.8101e+06	2.7003e+06	2.8523e+06
0	61	0	11086	6298	2356	2014	418	6376	6	0.0566038	3.6661e+06	3.8101e+06	2.7003e+06	2.8523e+06
0	62	0	11177	6376	2341	2029	431	6390	6	0.0566038	3.6661e+06	3.8101e+06	2.7003e+06	2.8523e+06
0	63	0	11192	6390	2324	2018	460	6436	7	0.0660377	3.6661e+06	3.8501e+06	2.7003e+06	2.8523e+06
0	64	0	11208	6436	2328	2006	438	6312	7	0.0660377	3.6661e+06	3.8101e+06	2.7003e+06	2.8723e+06
0	65	0	11156	6312	2391	1999	454	6369	6	0.0566038	3.6661e+06	3.8101e+06	2.7003e+06	2.8523e+06
0	66	0	11274	6369	2380	2056	469	6519	7	0.0660377	3.6661e+06	3.8501e+06	2.7003e+06	2.8523e+06
0	67	0	11430	6519	2367	2069	475	6459	6	0.0566038	3.6661e+06	3.8101e+06	2.7003e+06	2.8523e+06
0	68	0	11328	6459	2355	2039	475	6563	6	0.0566038	3.6661e+06	3.8101e+06	2.7003e+06	2.8523e+06
0	69	0	11456	6563	2304	2102	487	6658	7	0.0660377	3.6661e+06	3.8501e+06	2.7003e+06	2.8523e+06
0	70	0	11566	6658	2393	2030	485	6461	7	0.0660377	3.6661e+06	3.8501e+06	2.7003e+06	2.8523e+06
0	71	0	11391	6461	2386	2088	456	6680	6	0.0566038	3.6661e+06	3.8101e+06	2.7003e+06	2.8523e+06
0	72	0	11603	6680	2378	2076	469	6477	7	0.0660377	3.6661e+06	3.8501e+06	2.7003e+06	2.8523e+06
0	73	0	11392	6477	2399	2057	459	6656	6	0.0566038	3.6661e+06	3.8101e+06	2.7003e+06	2.8523e+06
0	74	0	11586	6656	2385	2093	452	6637	6	0.0566038	3.6661e+06	3.8101e+06	2.7003e+06	2.8523e+06
0	75	0	11623	6637	2453	2073	460	6752	7	0.0660377	3.6661e+06	3.8501e+06	2.7003e+06	2.8523e+06
0	76	0	11849	6752	2504	2123	470	6764	7	0.0660377	3.6661e+06	3.8501e+06	2.7003e+06	2.8523e+06
0	77	0	11880	6764	2465	2155	496	6950	6	0.0566038	3.6661e+06	3.8101e+06	2.7003e+06	2.8523e+06
0	78	0	12021	6950	2493	2138	440	6703	7	0.0660377	3.6661e+06	3.8501e+06	2.7003e+06	2.8523e+06
0	79	0	11839	6703	2544	2124	468	6982	7	0.0660377	3.6661e+06	3.8501e+06	2.7003e+06	2.8523e+06
0	80	0	12111	6982	2477	2196	456	6842	7	0.0660377	3.6661e+06	3.8501e+06	2.7003e+06	2.8523e+06
0	81	0	12054	6842	2584	2142	486	6705	8	0.0754717	3.6661e+06	3.8501e+06	2.7003e+06	2.8843e+06
0	82	0	12005	6705	2603	2224	473	7130	8	0.0754717	3.6661e+06	3.8501e+06	2.7003e+06	2.8843e+06
0	83	0	12370	7130	2475	2263	502	7163	7	0.0660377	3.6661e+06	3.8501e+06	2.7003e+06	2.8523e+06
0	84	0	12374	7163	2592	2137	482	6808	8	0.0754717	3.6661e+06	3.8501e+06	2.7003e+06	2.8843e+06
0	85	0	12278	6808	2721	2275	474	7110	8	0.0754717	3.6661e+06	3.8501e+06	2.7003e+06	2.8843e+06
0	86	0	12481	7110	2559	2326	486	7102	8	0.0754717	3.6661e+06	3.8501e+06	2.7003e+06	2.8843e+06
0	87	0	12559	7102	2676	2269	512	7133	8	0.0754717	3.6661e+06	3.8501e+06	2.7003e+06	2.8843e+06
0	88	0	12509	7133	2586	2294	496	7099	8	0.0754717	3.6661e+06	3.8501e+06	2.7003e+06	2.8843e+06
0	89	0	12543	7099	2622	2310	512	7322	10	0.0943396	3.6661e+06	3.8501e+06	2.7003e+06	2.8843e+06
0	90	0	12719	7322	2589	2272	536	7283	9	0.0849057	3.6661e+06	3.8501e+06	2.7003e+06	2.8843e+06
0	91	0	12716	7283	2651	2242	540	7229	9	0.0849057	3.6661e+06	3.8501e+06	2.7003e+06	2.8843e+06
0	92	0	12659	7229	2638	2286	506	7171	9	0.0849057	3.6661e+06	3.8501e+06	2.7003e+06	2.8843e+06
0	93	0	12650	7171	2703	2284	492	7084	9	0.0849057	3.6661e+06	3.8501e+06	2.7003e+06	2.8843e+06
0	94	0	12586	7084	2693	2337	472	7269	9	0.0849057	3.6661e+06	3.8501e+06	2.7003e+06	2.8843e+06
0	95	0	12795	7269	2651	2363	512	7488	9	0.0849057	3.6661e+06	3.8501e+06	2.7003e+06	2.8843e+06
0	96	0	12986	7488	2675	2306	517	7282	9	0.0849057	3.6661e+06	3.8501e+06	2.7003e+06	2.8843e+06
0	97	0	12826	7282	2718	2317	509	7307	9	0.0849057	3.6661e+06	3.8501e+06	2.7003e+06	2.8843e+06
0	98	0	12874	7307	2734	2336	497	7372	9	0.0849057	3.6661e+06	3.8501e+06	2.7003e+06	2.8843e+06
0	99	0	13058	7372	2853	2335	498	7529	9	0.0849057	3.6661e+06	3.8501e+06	2.7003e+06	2.8843e+06
0	100	0	13211	7529	2715	2455	512	0	10	0.0943396	3.6661e+06	3.8501e+06	2.7003e+06	2.9283e+06
1	0	0	40	0	0	20	20	180	1	0.00943396	3.6661e+06	3.7541e+06	2.7443e+06	2.7843e+06
1	1	0	196	180	0	6	10	83	1	0.00943396	3.6661e+06	3.7541e+06	2.7443e+06	2.7843e+06
1	2	0	162	83	73	3	3	30	1	0.00943396	3.6661e+06	3.7541e+06	2.7443e+06	2.7843e+06
1	3	0	110	30	35	45	0	217	1	0.00943396	3.6661e+06	3.7541e+06	2.7443e+06	2.7843e+06
1	4	0	274	217	11	34	12	221	1	0.00943396	3.6661e+06	3.7541e+06	2.7443e+06	2.7843e+06
1	5	0	329	221	84	17	7	112	1	0.00943396	3.6661e+06	3.7541e+06	2.7443e+06	2.7843e+06
1	6	0	280	112	104	61	3	322	1	0.00943396	3.6661e+06	3.7541e+06	2.7443e+06	2.7843e+06
1	7	0	458	322	57	72	7	309	1	0.00943396	3.6661e+06	3.7541e+06	2.7443e+06	2.7843e+06
1	8	0	512	309	144	48	11	260	1	0.00943396	3.6661e+06	3.7541e+06	2.7443e+06	2.7843e+06
1	9	0	504	260	127	106	11	511	1	0.00943396	3.6661e+06	3.7541e+06	2.7443e+06	2.7843e+06
1	10	0	757	511	114	111	21	557	1	0.00943396	3.6661e+06	3.7541e+06	2.7443e+06	2.7843e+06
1	11	0	896	557	212	97	30	544	1	0.00943396	3.6661e+06	3.7541e+06	2.7443e+06	2.7843e+06
1	12	0	986	544	247	169	26	829	1	0.00943396	3.6661e+06	3.7541e+06	2.7443e+06	2.7843e+06
1	13	0	1268	829	215	203	21	862	1	0.00943396	3.6661e+06	3.7541e+06	2.7443e+06	2.7843e+06
1	14	0	1463	862	363	204	34	907	1	0.00943396	3.6661e+06	3.7541e+06	2.7443e+06	2.7843e+06
1	15	0	1594	907	367	278	42	1207	1	0.00943396	3.6661e+06	3.7541e+06	2.7443e+06	2.7843e+06
1	16	0	1978	1207	419	296	56	1301	1	0.00943396	3.6661e+06	3.7541e+06	2.7443e+06	2.7843e+06
1	17	0	2246	1301	534	347	64	1407	1	0.00943396	3.6661e+06	3.7541e+06	2.7443e+06	2.7843e+06
1	18	0	2461	1407	550	434	70	1700	1	0.00943396	3.6661e+06	3.7541e+06	2.7443e+06	2.7843e+06
1	19	0	2833	1700	599	447	87	1752	1	0.00943396	3.6661e+06	3.7541e+06	2.7443e+06	2.7843e+06
1	20	0	3083	1752	722	526	83	1891	2	0.0188679	3.6661e+06	3.7541e+06	2.7003e+06	2.7843e+06
1	21	0	3368	1891	757	614	106	2228	2	0.0188679	3.6661e+06	3.7541e+06	2.7003e+06	2.7843e+06
1	22	0	3798	2228	820	633	117	2124	2	0.0188679	3.6661e+06	3.7541e+06	2.7003e+06	2.7843e+06
1	23	0	3875	2124	950	680	121	2280	3	0.0283019	3.6661e+06	3.7861e+06	2.7003e+06	2.7843e+06
1	24	0	4082	2280	882	796	124	2580	3	0.0283019	3.6661e+06	3.7861e+06	2.7003e+06	2.7843e+06
1	25	0	4412	2580	915	766	151	2553	4	0.0377358	3.6661e+06	3.7861e+06	2.7003e+06	2.8043e+06
1	26	0	4563	2553	1087	761	162	2576	4	0.0377358	3.6661e+06	3.7861e+06	2.7003e+06	2.8043e+06
1	27	0	4666	2576	1054	883	153	2954	4	0.0377358	3.6661e+06	3.7861e+06	2.7003e+06	2.8043e+06
1	28	0	5092	2954	1052	890	196	3138	4	0.0377358	3.6661e+06	3.7861e+06	2.7003e+06	2.8043e+06
1	29	0	5383	3138	1160	909	176	3185	4	0.0377358	3.6661e+06	3.7861e+06	2.7003e+06	2.8043e+06
1	30	0	5646	3185	1297	980	184	3429	4	0.0377358	3.6661e+06	3.7861e+06	2.7003e+06	2.8043e+06
1	31	0	6060	3429	1332	1095	204	3876	4	0.0377358	3.6661e+06	3.7861e+06	2.7003e+06	2.8043e+06
1	32	0	6593	3876	1360	1155	202	3888	4	0.0377358	3.6661e+06	3.7861e+06	2.7003e+06	2.8043e+06
1	33	0	6876	3888	1551	1210	227	4322	4	0.0377358	3.6661e+06	3.7861e+06	2.7003e+06	2.8043e+06
1	34	0	7497	4322	1596	1322	257	4720	4	0.0377358	3.6661e+06	3.7861e+06	2.7003e+06	2.8043e+06
1	35	0	8123	4720	1736	1388	279	4657	4	0.0377358	3.6661e+06	3.7861e+06	2.7003e+06	2.8043e+06
1	36	0	8361	4657	1935	1486	283	4976	4	0.0377358	3.6661e+06	3.7861e+06	2.7003e+06	2.8043e+06
1	37	0	8875	4976	1908	1644	347	5551	4	0.0377358	3.6661e+06	3.7861e+06	2.7003e+06	2.8043e+06
1	38	0	9522	5551	1944	1641	386	5448	4	0.0377358	3.6661e+06	3.7861e+06	2.7003e+06	2.8043e+06
1	39	0	9706	5448	2214	1667	377	5709	4	0.0377358	3.6661e+06	3.7861e+06	2.7003e+06	2.8043e+06
1	40	0	10059	5709	2128	1831	391	5885	4	0.0377358	3.6661e+06	3.7861e+06	2.7003e+06	2.8043e+06
1	41	0	10300	5885	2122	1877	416	6041	4	0.0377358	3.6661e+06	3.7861e+06	2.7003e+06	2.8043e+06
1	42	0	10568	6041	2273	1862	392	5831	4	0.0377358	3.6661e+06	3.7861e+06	2.7003e+06	2.8043e+06
1	43	0	10470	5831	2317	1938	384	6038	4	0.0377358	3.6661e+06	3.7861e+06	2.7003e+06	2.8043e+06
1	44	0	10657	6038	2224	1996	399	6323	4	0.0377358	3.6661e+06	3.7861e+06	2.7003e+06	2.8043e+06
1	45	0	10919	6323	2232	1918	446	5996	4	0.0377358	3.6661e+06	3.7861e+06	2.7003e+06	2.8043e+06
1	46	0	10704	5996	2363	1940	405	6027	4	0.0377358	3.6661e+06	3.7861e+06	2.7003e+06	2.8043e+06
1	47	0	10711	6027	2265	1998	421	6265	5	0.0471698	3.6661e+06	3.8101e+06	2.7003e+06	2.8523e+06
1	48	0	10906	6265	2213	1998	430	6321	4	0.0377358	3.6661e+06	3.7861e+06	2.7003e+06	2.8043e+06
1	49	0	10999	6321	2292	1935	451	6269	4	0.0377358	3.6661e+06	3.7861e+06	2.7003e+06	2.8043e+06
1	50	0	11070	6269	2378	1981	442	6143	4	0.0377358	3.6661e+06	3.7861e+06	2.7003e+06	2.8043e+06
1	51	0	10976	6143	2334	2052	447	6416	5	0.0471698	3.6661e+06	3.8221e+06	2.7003e+06	2.8043e+06
1	52	0	11096	6416	2234	2012	434	6154	4	0.0377358	3.6661e+06	3.7861e+06	2.7003e+06	2.8043e+06
1	53	0	10778	6154	2287	1920	417	6148	5	0.0471698	3.6661e+06	3.8101e+06	2.7003e+06	2.8523e+06
1	54	0	10859	6148	2287	2040	384	6180	7	0.0660377	3.6661e+06	3.8221e+06	2.7003e+06	2.8523e+06
1	55	0	10961	6180	2358	2011	412	6130	6	0.0566038	3.6661e+06	3.8101e+06	2.7003e+06	2.8523e+06
1	56	0	10831	6130	2227	2036	438	6377	5	0.0471698	3.6661e+06	3.8101e+06	2.7003e+06	2.8523e+06
1	57	0	10969	6377	2226	1928	438	5885	6	0.0566038	3.6661e+06	3.8221e+06	2.7003e+06	2.8523e+06
1	58	0	10726	5885	2439	1952	450	6146	7	0.0660377	3.6661e+06	3.8221e+06	2.7003e+06	2.8523e+06
1	59	0	10913	6146	2231	2101	435	6468	6	0.0566038	3.6661e+06	3.8101e+06	2.7003e+06	2.8523e+06
1	60	0	11165	6468	2270	1982	445	6246	7	0.0660377	3.6661e+06	3.8221e+06	2.7003e+06	2.8523e+06
1	61	0	11064	6246	2414	1975	429	6368	7	0.0660377	3.6661e+06	3.8221e+06	2.7003e+06	2.8523e+06
1	62	0	11118	6368	2272	2055	423	6259	6	0.0566038	3.6661e+06	3.8101e+06	2.7003e+06	2.8523e+06
1	63	0	11051	6259	2364	2009	419	6251	7	0.0660377	3.6661e+06	3.8221e+06	2.7003e+06	2.8523e+06
1	64	0	11048	6251	2317	2040	440	6585	7	0.0660377	3.6661e+06	3.8221e+06	2.7003e+06	2.8523e+06
1	65	0	11265	6585	2257	1994	429	6226	6	0.0566038	3.6661e+06	3.8101e+06	2.7003e+06	2.8523e+06
1	66	0	11015	6226	2438	1906	445	5966	7	0.0660377	3.6661e+06	3.8221e+06	2.7003e+06	2.8523e+06
1	67	0	10821	5966	2366	2038	451	6555	7	0.0660377	3.6661e+06	3.8221e+06	2.7003e+06	2.8523e+06
1	68	0	11272	6555	2273	2029	415	6185	7	0.0660377	3.6661e+06	3.8221e+06	2.7003e+06	2.8523e+06
1	69	0	11025	6185	2429	1964	447	6259	7	0.0660377	3.6661e+06	3.8221e+06	2.7003e+06	2.8523e+06
1	70	0	11149	6259	2381	2079	430	6350	7	0.0660377	3.6661e+06	3.8221e+06	2.7003e+06	2.8523e+06
1	71	0	11222	6350	2316	2106	450	6514	7	0.0660377	3.6661e+06	3.8221e+06	2.7003e+06	2.8523e+06
1	72	0	11339	6514	2404	1971	450	6196	7	0.0660377	3.6661e+06	3.8221e+06	2.7003e+06	2.8523e+06
1	73	0	11060	6196	2429	2019	416	6367	7	0.0660377	3.6661e+06	3.8221e+06	2.7003e+06	2.8523e+06
1	74	0	11175	6367	2310	2049	449	6460	7	0.0660377	3.6661e+06	3.8221e+06	2.7003e+06	2.8523e+06
1	75	0	11209	6460	2366	1961	422	6361	7	0.0660377	3.6661e+06	3.8221e+06	2.7003e+06	2.8523e+06
1	76	0	11223	6361	2398	2029	435	6315	7	0.0660377	3.6661e+06	3.8221e+06	2.7003e+06	2.8523e+06
1	77	0	11338	6315	2502	2096	425	6769	7	0.0660377	3.6661e+06	3.8221e+06	2.7003e+06	2.8523e+06
1	78	0	11566	6769	2244	2148	405	6661	8	0.0754717	3.6661e+06	3.8221e+06	2.7003e+06	2.8723e+06
1	79	0	11682	6661	2551	2006	464	6590	7	0.0660377	3.6661e+06	3.8221e+06	2.7003e+06	2.8523e+06
1	80	0	11625	6590	2475	2107	453	6878	7	0.0660377	3.6661e+06	3.8221e+06	2.7003e+06	2.8523e+06
1	81	0	11913	6878	2375	2194	466	6808	7	0.0660377	3.6661e+06	3.8221e+06	2.7003e+06	2.8523e+06
1	82	0	11882	6808	2521	2083	470	6911	8	0.0754717	3.6661e+06	3.8221e+06	2.7003e+06	2.8723e+06
1	83	0	12087	6911	2517	2188	471	7006	7	0.0660377	3.6661e+06	3.8221e+06	2.7003e+06	2.8523e+06
1	84	0	12172	7006	2515	2198	453	7020	7	0.0660377	3.6661e+06	3.8221e+06	2.7003e+06	2.8523e+06
1	85	0	12122	7020	2466	2147	489	7061	8	0.0754717	3.6661e+06	3.8221e+06	2.7003e+06	2.8723e+06
1	86	0	12325	7061	2616	2162	486	7045	8	0.0754717	3.6661e+06	3.8221e+06	2.7003e+06	2.8723e+06
1	87	0	12487	7045	2712	2260	470	7427	8	0.0754717	3.6661e+06	3.8221e+06	2.7003e+06	2.8723e+06
1	88	0	12930	7427	2708	2314	481	7165	9	0.0849057	3.6661e+06	3.8221e+06	2.6683e+06	2.8723e+06
1	89	0	12721	7165	2734	2309	513	7365	9	0.0849057	3.6661e+06	3.8221e+06	2.6683e+06	2.8723e+06
1	90	0	12893	7365	2694	2312	522	7611	9	0.0849057	3.6661e+06	3.8221e+06	2.6683e+06	2.8723e+06
1	91	0	13198	7611	2781	2300	506	7203	11	0.103774	3.6661e+06	3.8621e+06	2.6683e+06	2.8843e+06
1	92	0	12924	7203	2813	2446	462	7679	9	0.0849057	3.6661e+06	3.8221e+06	2.6683e+06	2.8723e+06
1	93	0	13292	7679	2714	2367	532	7632	10	0.0943396	3.6661e+06	3.8221e+06	2.6683e+06	2.8843e+06
1	94	0	13337	7632	2885	2328	492	7409	11	0.103774	3.6661e+06	3.8621e+06	2.6683e+06	2.8843e+06
1	95	0	13149	7409	2814	2436	490	7711	11	0.103774	3.6661e+06	3.8621e+06	2.6683e+06	2.8843e+06
1	96	0	13490	7711	2790	2473	516	7797	11	0.103774	3.6661e+06	3.8621e+06	2.6683e+06	2.8843e+06
1	97	0	13571	7797	2825	2421	528	7686	11	0.103774	3.6661e+06	3.8621e+06	2.6683e+06	2.8843e+06
1	98	0	13582	7686	2943	2419	534	7741	11	0.103774	3.6661e+06	3.8621e+06	2.6683e+06	2.8843e+06
1	99	0	13629	7741	2842	2552	494	8033	12	0.113208	3.5661e+06	3.8621e+06	2.6683e+06	2.8843e+06
1	100	0	13996	8033	2951	2491	521	0	13	0.122642	3.5661e+06	3.8621e+06	2.6683e+06	2.8923e+06
2	0	0	40	0	0	20	20	207	1	0.00943396	3.6661e+06	3.7541e+06	2.7443e+06	2.7843e+06
2	1	0	220	207	0	6	7	62	1	0.00943396	3.6661e+06	3.7541e+06	2.7443e+06	2.7843e+06
2	2	0	157	62	91	1	3	17	1	0.00943396	3.6661e+06	3.7541e+06	2.7443e+06	2.7843e+06
2	3	0	103	17	30	56	0	234	1	0.00943396	3.6661e+06	3.7541e+06	2.7443e+06	2.7843e+06
2	4	0	282	234	10	30	8	167	1	0.00943396	3.6661e+06	3.7541e+06	2.7443e+06	2.7843e+06
2	5	0	259	167	76	14	2	68	1	0.00943396	3.6661e+06	3.7541e+06	2.7443e+06	2.7843e+06
2	6	0	191	68	70	52	1	237	1	0.00943396	3.6661e+06	3.7541e+06	2.7443e+06	2.7843e+06
2	7	0	330	237	29	58	6	256	1	0.00943396	3.6661e+06	3.7541e+06	2.7443e+06	2.7843e+06
2	8	0	405	256	110	34	5	187	1	0.00943396	3.6661e+06	3.7541e+06	2.7443e+06	2.7843e+06
2	9	0	379	187	104	81	7	394	1	0.00943396	3.6661e+06	3.7541e+06	2.7443e+06	2.7843e+06
2	10	0	572	394	81	83	14	417	1	0.00943396	3.6661e+06	3.7541e+06	2.7443e+06	2.7843e+06
2	11	0	669	417	171	65	16	342	1	0.00943396	3.6661e+06	3.7541e+06	2.7443e+06	2.7843e+06
2	12	0	662	342	176	131	13	580	1	0.00943396	3.6661e+06	3.7541e+06	2.7443e+06	2.7843e+06
2	13	0	875	580	129	143	23	653	1	0.00943396	3.6661e+06	3.7541e+06	2.7443e+06	2.7843e+06
2	14	0	1030	653	237	119	21	559	1	0.00943396	3.6661e+06	3.7541e+06	2.7443e+06	2.7843e+06
2	15	0	1058	559	280	200	19	914	2	0.0188679	3.6661e+06	3.7541e+06	2.7003e+06	2.7843e+06
2	16	0	1415	914	230	240	31	1025	2	0.0188679	3.6661e+06	3.7541e+06	2.7003e+06	2.7843e+06
2	17	0	1670	1025	398	205	42	910	1	0.00943396	3.6661e+06	3.7541e+06	2.7443e+06	2.7843e+06
2	18	0	1724	910	447	321	46	1374	2	0.0188679	3.6661e+06	3.7541e+06	2.7003e+06	2.7843e+06
2	19	0	2190	1374	365	393	58	1605	2	0.0188679	3.6661e+06	3.7541e+06	2.7003e+06	2.7843e+06
2	20	0	2624	1605	606	336	77	1465	2	0.0188679	3.6661e+06	3.7541e+06	2.7003e+06	2.7843e+06
2	21	0	2681	1465	652	498	66	1860	2	0.0188679	3.6661e+06	3.7541e+06	2.7003e+06	2.7843e+06
2	22	0	3163	1860	616	585	102	2132	3	0.0283019	3.6661e+06	3.7861e+06	2.7003e+06	2.7843e+06
2	23	0	3547	2132	756	534	125	1986	2	0.0188679	3.6661e+06	3.7541e+06	2.7003e+06	2.7843e+06
2	24	0	3613	1986	887	613	127	2193	3	0.0283019	3.6661e+06	3.7861e+06	2.7003e+06	2.7843e+06
2	25	0	3866	2193	826	727	120	2508	3	0.0283019	3.6661e+06	3.7861e+06	2.7003e+06	2.7843e+06
2	26	0	4292	2508	919	718	147	2445	3	0.0283019	3.6661e+06	3.7861e+06	2.7003e+06	2.7843e+06
2	27	0	4428	2445	1001	792	190	2762	3	0.0283019	3.6661e+06	3.7861e+06	2.7003e+06	2.7843e+06
2	28	0	4782	2762	993	863	164	2765	4	0.0377358	3.6661e+06	3.7861e+06	2.7003e+06	2.8043e+06
2	29	0	4858	2765	1080	841	172	2946	4	0.0377358	3.6661e+06	3.7861e+06	2.7003e+06	2.8043e+06
2	30	0	5150	2946	1128	895	181	3044	4	0.0377358	3.6661e+06	3.7861e+06	2.7003e+06	2.8043e+06
2	31	0	5431	3044	1232	947	208	3401	4	0.0377358	3.6661e+06	3.7861e+06	2.7003e+06	2.8043e+06
2	32	0	5917	3401	1248	1073	195	3741	4	0.0377358	3.6661e+06	3.7861e+06	2.7003e+06	2.8043e+06
2	33	0	6434	3741	1365	1090	238	3921	4	0.0377358	3.6661e+06	3.7861e+06	2.7003e+06	2.8043e+06
2	34	0	6813	3921	1482	1166	244	4121	4	0.0377358	3.6661e+06	3.7861e+06	2.7003e+06	2.8043e+06
2	35	0	7188	4121	1573	1222	272	4396	4	0.0377358	3.6661e+06	3.7861e+06	2.7003e+06	2.8043e+06
2	36	0	7702	4396	1710	1339	257	4459	4	0.0377358	3.6661e+06	3.7861e+06	2.7003e+06	2.8043e+06
2	37	0	8088	4459	1829	1494	306	5236	4	0.0377358	3.6661e+06	3.7861e+06	2.7003e+06	2.8043e+06
2	38	0	8897	5236	1751	1576	334	5227	4	0.0377358	3.6661e+06	3.7861e+06	2.7003e+06	2.8043e+06
2	39	0	9131	5227	2047	1526	331	5066	4	0.0377358	3.6661e+06	3.7861e+06	2.7003e+06	2.8043e+06
2	40	0	9188	5066	2051	1704	367	5680	4	0.0377358	3.6661e+06	3.7861e+06	2.7003e+06	2.8043e+06
2	41	0	9760	5680	1945	1768	367	5752	4	0.0377358	3.6661e+06	3.7861e+06	2.7003e+06	2.8043e+06
2	42	0	9991	5752	2151	1729	359	5446	4	0.0377358	3.6661e+06	3.7861e+06	2.7003e+06	2.8043e+06
2	43	0	9899	5446	2173	1887	393	5947	4	0.0377358	3.6661e+06	3.7861e+06	2.7003e+06	2.8043e+06
2	44	0	10334	5947	2037	1911	439	6289	4	0.0377358	3.6661e+06	3.7861e+06	2.7003e+06	2.8043e+06
2	45	0	10580	6289	2100	1774	417	5714	5	0.0471698	3.6661e+06	3.8501e+06	2.7003e+06	2.8043e+06
2	46	0	10260	5714	2331	1812	403	5908	4	0.0377358	3.6661e+06	3.7861e+06	2.7003e+06	2.8043e+06
2	47	0	10453	5908	2181	1951	413	6117	4	0.0377358	3.6661e+06	3.7861e+06	2.7003e+06	2.8043e+06
2	48	0	10564	6117	2142	1883	422	6015	5	0.0471698	3.6661e+06	3.8501e+06	2.7003e+06	2.8043e+06
2	49	0	10644	6015	2306	1871	452	6140	4	0.0377358	3.6661e+06	3.7861e+06	2.7003e+06	2.8043e+06
2	50	0	10755	6140	2230	1971	414	6299	4	0.0377358	3.6661e+06	3.7861e+06	2.7003e+06	2.8043e+06
2	51	0	10899	6299	2280	1877	443	6011	5	0.0471698	3.6661e+06	3.8501e+06	2.7003e+06	2.8043e+06
2	52	0	10847	6011	2443	1973	420	6177	5	0.0471698	3.6661e+06	3.8501e+06	2.7003e+06	2.8043e+06
2	53	0	10930	6177	2279	2041	433	6362	4	0.0377358	3.6661e+06	3.7861e+06	2.7003e+06	2.8043e+06
2	54	0	11075	6362	2263	1985	465	6230	4	0.0377358	3.6661e+06	3.7861e+06	2.7003e+06	2.8043e+06
2	55	0	10911	6230	2324	1930	427	6067	6	0.0566038	3.6661e+06	3.8501e+06	2.7003e+06	2.8363e+06
2	56	0	10885	6067	2377	1992	449	6251	5	0.0471698	3.6661e+06	3.8501e+06	2.7003e+06	2.8043e+06
2	57	0	10905	6251	2235	1993	426	6181	4	0.0377358	3.6661e+06	3.7861e+06	2.7003e+06	2.8043e+06
2	58	0	10909	6181	2358	1942	428	6205	6	0.0566038	3.6661e+06	3.8501e+06	2.7003e+06	2.8523e+06
2	59	0	10913	6205	2241	2020	447	6423	7	0.0660377	3.6661e+06	3.8501e+06	2.7003e+06	2.8523e+06
2	60	0	11085	6423	2240	2010	412	6272	7	0.0660377	3.6661e+06	3.8501e+06	2.7003e+06	2.8523e+06
2	61	0	11005	6272	2311	1990	432	6128	7	0.0660377	3.6661e+06	3.8501e+06	2.7003e+06	2.8523e+06
2	62	0	10822	6128	2309	1955	430	6282	7	0.0660377	3.6661e+06	3.8501e+06	2.7003e+06	2.8523e+06
2	63	0	10944	6282	2290	1979	393	6233	7	0.0660377	3.6661e+06	3.8501e+06	2.7003e+06	2.8523e+06
2	64	0	11061	6233	2408	1973	447	6259	7	0.0660377	3.6661e+06	3.8501e+06	2.7003e+06	2.8523e+06
2	65	0	11101	6259	2297	2107	438	6429	7	0.0660377	3.6661e+06	3.8501e+06	2.7003e+06	2.8523e+06
2	66	0	11129	6429	2264	2000	436	6297	7	0.0660377	3.6661e+06	3.8501e+06	2.7003e+06	2.8523e+06
2	67	0	11178	6297	2440	1974	467	6244	7	0.0660377	3.6661e+06	3.8501e+06	2.7003e+06	2.8523e+06
2	68	0	11161	6244	2374	2109	434	6555	7	0.0660377	3.6661e+06	3.8501e+06	2.7003e+06	2.8523e+06
2	69	0	11348	6555	2258	2061	474	6609	7	0.0660377	3.6661e+06	3.8501e+06	2.7003e+06	2.8523e+06
2	70	0	11388	6609	2392	1954	433	6215	7	0.0660377	3.6661e+06	3.8501e+06	2.7003e+06	2.8523e+06
2	71	0	11211	6215	2580	1974	442	6478	7	0.0660377	3.6661e+06	3.8501e+06	2.7003e+06	2.8523e+06
2	72	0	11486	6478	2407	2162	439	6711	7	0.0660377	3.6661e+06	3.8501e+06	2.7003e+06	2.8523e+06
2	73	0	11632	6711	2367	2077	477	6952	7	0.0660377	3.6661e+06	3.8501e+06	2.7003e+06	2.8523e+06
2	74	0	11813	6952	2428	1973	460	6374	7	0.0660377	3.6661e+06	3.8501e+06	2.7003e+06	2.8523e+06
2	75	0	11491	6374	2656	2035	426	6614	7	0.0660377	3.6661e+06	3.8501e+06	2.7003e+06	2.8523e+06
2	76	0	11758	6614	2407	2288	449	7307	7	0.0660377	3.6661e+06	3.8501e+06	2.7003e+06	2.8523e+06
2	77	0	12442	7307	2461	2146	528	6809	7	0.0660377	3.6661e+06	3.8501e+06	2.7003e+06	2.8523e+06
2	78	0	12127	6809	2705	2127	486	6795	7	0.0660377	3.6661e+06	3.8501e+06	2.7003e+06	2.8523e+06
2	79	0	12192	6795	2548	2341	508	7393	7	0.0660377	3.6661e+06	3.8501e+06	2.7003e+06	2.8523e+06
2	80	0	12718	7393	2571	2228	526	7071	7	0.0660377	3.6661e+06	3.8501e+06	2.7003e+06	2.8523e+06
2	81	0	12525	7071	2721	2224	509	7108	7	0.0660377	3.6661e+06	3.8501e+06	2.7003e+06	2.8523e+06
2	82	0	12483	7108	2595	2288	492	7223	8	0.0754717	3.6661e+06	3.8501e+06	2.7003e+06	2.8843e+06
2	83	0	12661	7223	2615	2294	529	7347	7	0.0660377	3.6661e+06	3.8501e+06	2.7003e+06	2.8523e+06
2	84	0	12831	7347	2679	2290	515	7134	7	0.0660377	3.6661e+06	3.8501e+06	2.7003e+06	2.8523e+06
2	85	0	12752	7134	2784	2298	536	7332	8	0.0754717	3.6661e+06	3.8501e+06	2.7003e+06	2.8843e+06
2	86	0	12877	7332	2659	2398	488	7389	9	0.0849057	3.6661e+06	3.8941e+06	2.7003e+06	2.8843e+06
2	87	0	12893	7389	2669	2324	511	7304	9	0.0849057	3.6661e+06	3.8941e+06	2.7003e+06	2.8843e+06
2	88	0	12928	7304	2688	2424	512	7390	8	0.0754717	3.6661e+06	3.8501e+06	2.7003e+06	2.8843e+06
2	89	0	12947	7390	2644	2389	524	7585	9	0.0849057	3.6661e+06	3.8941e+06	2.7003e+06	2.8843e+06
2	90	0	13112	7585	2685	2287	555	7141	9	0.0849057	3.6661e+06	3.8941e+06	2.7003e+06	2.8843e+06
2	91	0	12788	7141	2808	2335	504	7472	9	0.0849057	3.6661e+06	3.8941e+06	2.7003e+06	2.8843e+06
2	92	0	13011	7472	2649	2389	501	7471	9	0.0849057	3.6661e+06	3.8941e+06	2.7003e+06	2.8843e+06
2	93	0	13082	7471	2791	2298	522	7320	9	0.0849057	3.6661e+06	3.8941e+06	2.7003e+06	2.8843e+06
2	94	0	12914	7320	2717	2390	487	7541	9	0.0849057	3.6661e+06	3.8941e+06	2.7003e+06	2.8843e+06
2	95	0	13155	7541	2690	2403	521	7615	9	0.0849057	3.6661e+06	3.8941e+06	2.7003e+06	2.8843e+06
2	96	0	13150	7615	2741	2286	508	7201	9	0.0849057	3.6661e+06	3.8941e+06	2.7003e+06	2.8843e+06
2	97	0	12839	7201	2845	2301	492	7219	10	0.0943396	3.6661e+06	3.8941e+06	2.7003e+06	2.8843e+06
2	98	0	12834	7219	2753	2376	486	7545	10	0.0943396	3.6661e+06	3.8941e+06	2.7003e+06	2.8843e+06
2	99	0	13134	7545	2722	2384	483	7333	10	0.0943396	3.6661e+06	3.8941e+06	2.7003e+06	2.8843e+06
2	100	0	13046	7333	2820	2355	538	0	10	0.0943396	3.6661e+06	3.8941e+06	2.7003e+06	2.8843e+06
3	0	0	40	0	0	20	20	197	1	0.00943396	3.6661e+06	3.7541e+06	2.7443e+06	2.7843e+06
3	1	0	207	197	0	4	6	53	1	0.00943396	3.6661e+06	3.7541e+06	2.7443e+06	2.7843e+06
3	2	0	122	53	66	1	2	20	1	0.00943396	3.6661e+06	3.7541e+06	2.7443e+06	2.7843e+06
3	3	0	94	20	30	44	0	178	1	0.00943396	3.6661e+06	3.7541e+06	2.7443e+06	2.7843e+06
3	4	0	222	178	8	30	6	186	1	0.00943396	3.6661e+06	3.7541e+06	2.7443e+06	2.7843e+06
3	5	0	285	186	77	14	8	87	1	0.00943396	3.6661e+06	3.7541e+06	2.7443e+06	2.7843e+06
3	6	0	231	87	80	61	3	283	1	0.00943396	3.6661e+06	3.7541e+06	2.7443e+06	2.7843e+06
3	7	0	397	283	37	65	12	351	1	0.00943396	3.6661e+06	3.7541e+06	2.7443e+06	2.7843e+06
3	8	0	542	351	139	39	13	246	1	0.00943396	3.6661e+06	3.7541e+06	2.7443e+06	2.7843e+06
3	9	0	512	246	160	101	5	407	1	0.00943396	3.6661e+06	3.7541e+06	2.7443e+06	2.7843e+06
3	10	0	664	407	100	141	16	639	1	0.00943396	3.6661e+06	3.7541e+06	2.7443e+06	2.7843e+06
3	11	0	946	639	183	100	24	495	1	0.00943396	3.6661e+06	3.7541e+06	2.7443e+06	2.7843e+06
3	12	0	935	495	275	134	31	694	1	0.00943396	3.6661e+06	3.7541e+06	2.7443e+06	2.7843e+06
3	13	0	1140	694	202	215	29	915	1	0.00943396	3.6661e+06	3.7541e+06	2.7443e+06	2.7843e+06
3	14	0	1434	915	285	191	43	909	1	0.00943396	3.6661e+06	3.7541e+06	2.7443e+06	2.7843e+06
3	15	0	1578	909	395	231	43	1064	1	0.00943396	3.6661e+06	3.7541e+06	2.7443e+06	2.7843e+06
3	16	0	1798	1064	368	312	54	1373	1	0.00943396	3.6661e+06	3.7541e+06	2.7443e+06	2.7843e+06
3	17	0	2216	1373	469	311	63	1315	1	0.00943396	3.6661e+06	3.7541e+06	2.7443e+06	2.7843e+06
3	18	0	2353	1315	578	391	69	1573	1	0.00943396	3.6661e+06	3.7541e+06	2.7443e+06	2.7843e+06
3	19	0	2715	1573	569	483	90	1805	2	0.0188679	3.6661e+06	3.7541e+06	2.7003e+06	2.7843e+06
3	20	0	3070	1805	670	493	102	1792	2	0.0188679	3.6661e+06	3.7541e+06	2.7003e+06	2.7843e+06
3	21	0	3191	1792	738	554	107	2054	3	0.0283019	3.6661e+06	3.7861e+06	2.7003e+06	2.7843e+06
3	22	0	3586	2054	756	653	123	2294	3	0.0283019	3.6661e+06	3.7861e+06	2.7003e+06	2.7843e+06
3	23	0	3968	2294	876	646	152	2369	4	0.0377358	3.6661e+06	3.7861e+06	2.7003e+06	2.8043e+06
3	24	0	4206	2369	963	706	168	2502	4	0.0377358	3.6661e+06	3.7861e+06	2.7003e+06	2.8043e+06
3	25	0	4457	2502	971	827	157	2818	4	0.0377358	3.6661e+06	3.7861e+06	2.7003e+06	2.8043e+06
3	26	0	4798	2818	975	822	183	2738	4	0.0377358	3.6661e+06	3.7861e+06	2.7003e+06	2.8043e+06
3	27	0	4903	2738	1137	844	184	2953	4	0.0377358	3.6661e+06	3.7861e+06	2.7003e+06	2.8043e+06
3	28	0	5176	2953	1086	956	181	3321	4	0.0377358	3.6661e+06	3.7861e+06	2.7003e+06	2.8043e+06
3	29	0	5619	3321	1198	916	184	3242	4	0.0377358	3.6661e+06	3.7861e+06	2.7003e+06	2.8043e+06
3	30	0	5798	3242	1345	1032	179	3705	4	0.0377358	3.6661e+06	3.7861e+06	2.7003e+06	2.8043e+06
3	31	0	6399	3705	1362	1126	206	4023	4	0.0377358	3.6661e+06	3.7861e+06	2.7003e+06	2.8043e+06
3	32	0	6917	4023	1498	1148	248	4110	4	0.0377358	3.6661e+06	3.7861e+06	2.7003e+06	2.8043e+06
3	33	0	7271	4110	1655	1241	265	4558	4	0.0377358	3.6661e+06	3.7861e+06	2.7003e+06	2.8043e+06
3	34	0	7902	4558	1709	1358	277	4645	4	0.0377358	3.6661e+06	3.7861e+06	2.7003e+06	2.8043e+06
3	35	0	8210	4645	1838	1449	278	5027	4	0.0377358	3.6661e+06	3.7861e+06	2.7003e+06	2.8043e+06
3	36	0	8839	5027	1905	1586	321	5411	4	0.0377358	3.6661e+06	3.7861e+06	2.7003e+06	2.8043e+06
3	37	0	9402	5411	1997	1644	350	5424	4	0.0377358	3.6661e+06	3.7861e+06	2.7003e+06	2.8043e+06
3	38	0	9643	5424	2177	1694	348	5576	4	0.0377358	3.6661e+06	3.7861e+06	2.7003e+06	2.8043e+06
3	39	0	9923	5576	2198	1801	348	5652	4	0.0377358	3.6661e+06	3.7861e+06	2.7003e+06	2.8043e+06
3	40	0	10100	5652	2188	1872	388	6133	4	0.0377358	3.6661e+06	3.7861e+06	2.7003e+06	2.8043e+06
3	41	0	10634	6133	2248	1882	371	5848	4	0.0377358	3.6661e+06	3.7861e+06	2.7003e+06	2.8043e+06
3	42	0	10490	5848	2350	1902	390	6070	4	0.0377358	3.6661e+06	3.7861e+06	2.7003e+06	2.8043e+06
3	43	0	10706	6070	2210	2015	411	6177	4	0.0377358	3.6661e+06	3.7861e+06	2.7003e+06	2.8043e+06
3	44	0	10810	6177	2283	1924	426	6085	4	0.0377358	3.6661e+06	3.7861e+06	2.7003e+06	2.8043e+06
3	45	0	10787	6085	2353	1957	392	6116	5	0.0471698	3.6661e+06	3.8101e+06	2.7003e+06	2.8523e+06
3	46	0	10782	6116	2281	1968	417	6306	5	0.0471698	3.6661e+06	3.7901e+06	2.7003e+06	2.8363e+06
3	47	0	11030	6306	2317	1972	435	6185	6	0.0566038	3.6661e+06	3.8221e+06	2.7003e+06	2.8363e+06
3	48	0	10923	6185	2342	1979	417	6218	6	0.0566038	3.6661e+06	3.8221e+06	2.7003e+06	2.8523e+06
3	49	0	10934	6218	2263	2046	407	6314	6	0.0566038	3.6661e+06	3.8101e+06	2.7003e+06	2.8523e+06
3	50	0	11056	6314	2326	1984	432	6191	7	0.0660377	3.6661e+06	3.8221e+06	2.7003e+06	2.8523e+06
3	51	0	10942	6191	2287	2048	416	6314	7	0.0660377	3.6661e+06	3.8221e+06	2.7003e+06	2.8523e+06
3	52	0	11009	6314	2249	2017	429	6233	7	0.0660377	3.6661e+06	3.8221e+06	2.7003e+06	2.8523e+06
3	53	0	10978	6233	2387	1919	439	5964	7	0.0660377	3.6661e+06	3.8221e+06	2.7003e+06	2.8523e+06
3	54	0	10790	5964	2411	1991	424	6342	8	0.0754717	3.6661e+06	3.8501e+06	2.7003e+06	2.8523e+06
3	55	0	11042	6342	2206	2066	428	6486	7	0.0660377	3.6661e+06	3.8221e+06	2.7003e+06	2.8523e+06
3	56	0	11208	6486	2322	1949	451	6204	7	0.0660377	3.6661e+06	3.8221e+06	2.7003e+06	2.8523e+06
3	57	0	10915	6204	2373	1929	409	6086	8	0.0754717	3.6661e+06	3.8501e+06	2.7003e+06	2.8523e+06
3	58	0	10902	6086	2381	2058	377	6363	8	0.0754717	3.6661e+06	3.8501e+06	2.7003e+06	2.8523e+06
3	59	0	11123	6363	2315	2046	399	6356	7	0.0660377	3.6661e+06	3.8221e+06	2.7003e+06	2.8523e+06
3	60	0	11242	6356	2464	2010	412	6106	8	0.0754717	3.6661e+06	3.8501e+06	2.7003e+06	2.8523e+06
3	61	0	11007	6106	2346	2127	428	6753	8	0.0754717	3.6661e+06	3.8501e+06	2.7003e+06	2.8523e+06
3	62	0	11511	6753	2292	2014	452	6395	7	0.0660377	3.6661e+06	3.8221e+06	2.7003e+06	2.8523e+06
3	63	0	11360	6395	2520	1993	452	6363	8	0.0754717	3.6661e+06	3.8501e+06	2.7003e+06	2.8523e+06
3	64	0	11416	6363	2478	2138	437	6769	8	0.0754717	3.6661e+06	3.8501e+06	2.7003e+06	2.8523e+06
3	65	0	11721	6769	2341	2183	428	6840	8	0.0754717	3.6661e+06	3.8501e+06	2.7003e+06	2.8523e+06
3	66	0	11883	6840	2488	2087	468	6740	8	0.0754717	3.6661e+06	3.8501e+06	2.7003e+06	2.8523e+06
3	67	0	11864	6740	2549	2114	461	6813	8	0.0754717	3.6661e+06	3.8501e+06	2.7003e+06	2.8523e+06
3	68	0	11957	6813	2527	2168	449	6962	8	0.0754717	3.6661e+06	3.8501e+06	2.7003e+06	2.8523e+06
3	69	0	12158	6962	2616	2115	465	6851	8	0.0754717	3.6661e+06	3.8501e+06	2.7003e+06	2.8523e+06
3	70	0	12243	6851	2626	2300	466	7223	8	0.0754717	3.6661e+06	3.8501e+06	2.7003e+06	2.8523e+06
3	71	0	12468	7223	2469	2278	498	7387	8	0.0754717	3.6661e+06	3.8501e+06	2.7003e+06	2.8523e+06
3	72	0	12662	7387	2600	2173	502	6973	8	0.0754717	3.6661e+06	3.8501e+06	2.7003e+06	2.8523e+06
3	73	0	12498	6973	2783	2264	478	7344	8	0.0754717	3.6661e+06	3.8501e+06	2.7003e+06	2.8523e+06
3	74	0	12786	7344	2596	2368	478	7513	9	0.0849057	3.6661e+06	3.8501e+06	2.7003e+06	2.8723e+06
3	75	0	13107	7513	2786	2296	512	7391	8	0.0754717	3.6661e+06	3.8501e+06	2.7003e+06	2.8523e+06
3	76	0	13193	7391	2960	2361	481	7433	8	0.0754717	3.6661e+06	3.8501e+06	2.7003e+06	2.8523e+06
3	77	0	13257	7433	2816	2497	511	7921	10	0.0943396	3.6661e+06	3.8501e+06	2.6683e+06	2.8723e+06
3	78	0	13643	7921	2745	2457	520	7729	12	0.113208	3.6661e+06	3.8621e+06	2.6683e+06	2.8843e+06
3	79	0	13641	7729	2948	2416	548	7758	13	0.122642	3.6661e+06	3.8901e+06	2.6683e+06	2.8843e+06
3	80	0	13629	7758	2853	2479	539	7945	12	0.113208	3.6661e+06	3.8621e+06	2.6683e+06	2.8843e+06
3	81	0	13857	7945	2864	2489	559	7968	14	0.132075	3.6661e+06	3.8901e+06	2.6603e+06	2.8843e+06
3	82	0	13824	7968	2861	2476	519	8032	14	0.132075	3.6661e+06	3.8901e+06	2.6603e+06	2.8843e+06
3	83	0	14104	8032	3057	2464	551	7886	12	0.113208	3.6661e+06	3.8621e+06	2.6683e+06	2.8843e+06
3	84	0	14076	7886	3049	2626	515	8132	13	0.122642	3.6661e+06	3.8901e+06	2.6683e+06	2.8843e+06
3	85	0	14322	8132	2956	2627	607	8516	14	0.132075	3.6661e+06	3.8901e+06	2.6603e+06	2.8843e+06
3	86	0	14636	8516	3018	2564	538	7995	14	0.132075	3.6661e+06	3.8901e+06	2.6683e+06	2.8843e+06
3	87	0	14217	7995	3151	2553	518	8147	14	0.132075	3.6661e+06	3.8901e+06	2.6683e+06	2.8843e+06
3	88	0	14504	8147	3117	2684	556	8469	15	0.141509	3.6661e+06	3.8901e+06	2.6603e+06	2.8843e+06
3	89	0	14809	8469	3083	2668	589	8628	14	0.132075	3.6661e+06	3.8901e+06	2.6683e+06	2.8843e+06
3	90	0	15028	8628	3131	2671	598	8619	14	0.132075	3.6661e+06	3.8941e+06	2.6683e+06	2.8843e+06
3	91	0	15154	8619	3210	2730	595	8871	16	0.150943	3.6661e+06	3.8941e+06	2.6603e+06	2.8843e+06
3	92	0	15525	8871	3231	2806	617	8897	17	0.160377	3.6661e+06	3.9981e+06	2.6603e+06	2.8843e+06
3	93	0	15646	8897	3322	2810	617	9088	15	0.141509	3.6661e+06	3.8941e+06	2.6683e+06	2.8843e+06
3	94	0	15784	9088	3217	2863	616	9188	15	0.141509	3.6661e+06	3.8941e+06	2.6683e+06	2.8843e+06
3	95	0	15840	9188	3306	2727	619	8978	17	0.160377	3.6661e+06	3.9981e+06	2.6603e+06	2.8843e+06
3	96	0	15889	8978	3483	2841	587	9120	16	0.150943	3.6661e+06	3.9981e+06	2.6683e+06	2.8843e+06
3	97	0	16158	9120	3388	3053	597	9437	16	0.150943	3.6661e+06	3.9981e+06	2.6683e+06	2.8843e+06
3	98	0	16478	9437	3402	3008	631	9440	17	0.160377	3.6661e+06	3.9981e+06	2.6603e+06	2.8843e+06
3	99	0	16485	9440	3477	2898	670	9510	18	0.169811	3.6661e+06	3.9981e+06	2.6603e+06	2.9363e+06
3	100	0	16656	9510	3529	3002	615	0	19	0.179245	3.6661e+06	3.9981e+06	2.6683e+06	2.9443e+06
4	0	0	40	0	0	20	20	186	1	0.00943396	3.6661e+06	3.7541e+06	2.7443e+06	2.7843e+06
4	1	0	200	186	0	8	6	58	1	0.00943396	3.6661e+06	3.7541e+06	2.7443e+06	2.7843e+06
4	2	0	137	58	73	1	5	37	1	0.00943396	3.6661e+06	3.7541e+06	2.7443e+06	2.7843e+06
4	3	0	106	37	22	45	2	218	1	0.00943396	3.6661e+06	3.7541e+06	2.7443e+06	2.7843e+06
4	4	0	264	218	17	21	8	132	1	0.00943396	3.6661e+06	3.7541e+06	2.7443e+06	2.7843e+06
4	5	0	245	132	90	18	5	102	1	0.00943396	3.6661e+06	3.7541e+06	2.7443e+06	2.7843e+06
4	6	0	223	102	54	63	4	272	1	0.00943396	3.6661e+06	3.7541e+06	2.7443e+06	2.7843e+06
4	7	0	363	272	32	44	15	271	1	0.00943396	3.6661e+06	3.7541e+06	2.7443e+06	2.7843e+06
4	8	0	422	271	116	27	8	149	1	0.00943396	3.6661e+06	3.7541e+06	2.7443e+06	2.7843e+06
4	9	0	344	149	111	79	5	365	1	0.00943396	3.6661e+06	3.7541e+06	2.7443e+06	2.7843e+06
4	10	0	542	365	66	100	11	464	1	0.00943396	3.6661e+06	3.7541e+06	2.7443e+06	2.7843e+06
4	11	0	705	464	167	63	11	284	1	0.00943396	3.6661e+06	3.7541e+06	2.7443e+06	2.7843e+06
4	12	0	621	284	195	128	14	621	1	0.00943396	3.6661e+06	3.7541e+06	2.7443e+06	2.7843e+06
4	13	0	929	621	115	167	26	840	1	0.00943396	3.6661e+06	3.7541e+06	2.7443e+06	2.7843e+06
4	14	0	1214	840	225	123	26	550	1	0.00943396	3.6661e+06	3.7541e+06	2.7443e+06	2.7843e+06
4	15	0	1094	550	346	174	24	813	1	0.00943396	3.6661e+06	3.7541e+06	2.7443e+06	2.7843e+06
4	16	0	1347	813	228	271	35	1149	2	0.0188679	3.6661e+06	3.7541e+06	2.7003e+06	2.7843e+06
4	17	0	1720	1149	323	190	58	962	1	0.00943396	3.6661e+06	3.7541e+06	2.7443e+06	2.7843e+06
4	18	0	1768	962	487	266	53	1159	1	0.00943396	3.6661e+06	3.7541e+06	2.7443e+06	2.7843e+06
4	19	0	2008	1159	414	372	63	1552	2	0.0188679	3.6661e+06	3.7541e+06	2.7003e+06	2.7843e+06
4	20	0	2469	1552	479	365	73	1543	2	0.0188679	3.6661e+06	3.7541e+06	2.7003e+06	2.7843e+06
4	21	0	2699	1543	658	417	81	1686	3	0.0283019	3.6661e+06	3.7861e+06	2.7003e+06	2.7843e+06
4	22	0	2942	1686	642	528	86	1936	2	0.0188679	3.6661e+06	3.7541e+06	2.7003e+06	2.7843e+06
4	23	0	3295	1936	713	542	104	2021	2	0.0188679	3.6661e+06	3.7541e+06	2.7003e+06	2.7843e+06
4	24	0	3550	2021	792	620	117	2225	3	0.0283019	3.6661e+06	3.7861e+06	2.7003e+06	2.7843e+06
4	25	0	3852	2225	826	674	127	2301	3	0.0283019	3.6661e+06	3.7861e+06	2.7003e+06	2.7843e+06
4	26	0	4076	2301	906	739	130	2515	4	0.0377358	3.6661e+06	3.7861e+06	2.7003e+06	2.8043e+06
4	27	0	4371	2515	941	773	142	2682	4	0.0377358	3.6661e+06	3.7861e+06	2.7003e+06	2.8043e+06
4	28	0	4710	2682	1027	835	166	2807	4	0.0377358	3.6661e+06	3.7861e+06	2.7003e+06	2.8043e+06
4	29	0	4992	2807	1092	904	189	2971	4	0.0377358	3.6661e+06	3.7861e+06	2.7003e+06	2.8043e+06
4	30	0	5267	2971	1152	952	192	3392	4	0.0377358	3.6661e+06	3.7861e+06	2.7003e+06	2.8043e+06
4	31	0	5736	3392	1135	1004	205	3562	4	0.0377358	3.6661e+06	3.7861e+06	2.7003e+06	2.8043e+06
4	32	0	6138	3562	1368	999	209	3637	4	0.0377358	3.6661e+06	3.7861e+06	2.7003e+06	2.8043e+06
4	33	0	6412	3637	1407	1173	195	4056	4	0.0377358	3.6661e+06	3.7861e+06	2.7003e+06	2.8043e+06
4	34	0	6942	4056	1486	1202	198	4226	4	0.0377358	3.6661e+06	3.7861e+06	2.7003e+06	2.8043e+06
4	35	0	7398	4226	1684	1256	232	4281	4	0.0377358	3.6661e+06	3.7861e+06	2.7003e+06	2.8043e+06
4	36	0	7763	4281	1752	1436	294	5133	4	0.0377358	3.6661e+06	3.7861e+06	2.7003e+06	2.8043e+06
4	37	0	8699	5133	1764	1496	306	4997	4	0.0377358	3.6661e+06	3.7861e+06	2.7003e+06	2.8043e+06
4	38	0	8850	4997	2025	1517	311	5006	4	0.0377358	3.6661e+06	3.7861e+06	2.7003e+06	2.8043e+06
4	39	0	9019	5006	2001	1685	327	5668	4	0.0377358	3.6661e+06	3.7861e+06	2.7003e+06	2.8043e+06
4	40	0	9786	5668	2038	1715	365	5646	4	0.0377358	3.6661e+06	3.7861e+06	2.7003e+06	2.8043e+06
4	41	0	9934	5646	2158	1751	379	5708	4	0.0377358	3.6661e+06	3.7861e+06	2.7003e+06	2.8043e+06
4	42	0	10012	5708	2101	1832	371	5836	4	0.0377358	3.6661e+06	3.7861e+06	2.7003e+06	2.8043e+06
4	43	0	10220	5836	2158	1858	368	5886	5	0.0471698	3.6661e+06	3.8501e+06	2.7003e+06	2.8043e+06
4	44	0	10471	5886	2267	1933	385	5954	5	0.0471698	3.6661e+06	3.8501e+06	2.7003e+06	2.8043e+06
4	45	0	10597	5954	2211	1994	438	6319	4	0.0377358	3.6661e+06	3.7861e+06	2.7003e+06	2.8043e+06
4	46	0	10927	6319	2245	1912	451	6116	5	0.0471698	3.6661e+06	3.8501e+06	2.7003e+06	2.8043e+06
4	47	0	10856	6116	2350	1971	419	6174	6	0.0566038	3.6661e+06	3.8501e+06	2.7003e+06	2.8363e+06
4	48	0	10870	6174	2287	1986	423	6232	4	0.0377358	3.6661e+06	3.7861e+06	2.7003e+06	2.8043e+06
4	49	0	11015	6232	2318	2057	408	6395	5	0.0471698	3.6661e+06	3.8501e+06	2.7003e+06	2.8043e+06
4	50	0	11170	6395	2298	2032	445	6441	7	0.0660377	3.6661e+06	3.8501e+06	2.7003e+06	2.8523e+06
4	51	0	11203	6441	2308	2013	441	6200	6	0.0566038	3.6661e+06	3.8501e+06	2.7003e+06	2.8363e+06
4	52	0	10891	6200	2346	1899	446	5982	6	0.0566038	3.6661e+06	3.8501e+06	2.7003e+06	2.8363e+06
4	53	0	10689	5982	2347	1948	412	6016	5	0.0471698	3.6661e+06	3.8501e+06	2.7003e+06	2.8043e+06
4	54	0	10755	6016	2341	2002	396	6208	5	0.0471698	3.6661e+06	3.8501e+06	2.7003e+06	2.8043e+06
4	55	0	10921	6208	2256	2036	421	6262	5	0.0471698	3.6661e+06	3.8501e+06	2.7003e+06	2.8043e+06
4	56	0	10981	6262	2254	2023	442	6367	5	0.0471698	3.6661e+06	3.8501e+06	2.7003e+06	2.8043e+06
4	57	0	10985	6367	2287	1908	423	6160	5	0.0471698	3.6661e+06	3.8501e+06	2.7003e+06	2.8043e+06
4	58	0	10925	6160	2390	1970	405	6108	5	0.0471698	3.6661e+06	3.8501e+06	2.7003e+06	2.8043e+06
4	59	0	10907	6108	2325	2051	423	6282	5	0.0471698	3.6661e+06	3.8501e+06	2.7003e+06	2.8043e+06
4	60	0	10994	6282	2258	1994	460	6336	5	0.0471698	3.6661e+06	3.8501e+06	2.7003e+06	2.8043e+06
4	61	0	11058	6336	2278	2020	424	6301	5	0.0471698	3.6661e+06	3.8501e+06	2.7003e+06	2.8043e+06
4	62	0	11055	6301	2319	2016	419	6235	5	0.0471698	3.6661e+06	3.8501e+06	2.7003e+06	2.8043e+06
4	63	0	11093	6235	2428	1967	463	6318	6	0.0566038	3.6661e+06	3.8501e+06	2.7003e+06	2.8363e+06
4	64	0	11063	6318	2246	2070	429	6352	5	0.0471698	3.6661e+06	3.8501e+06	2.7003e+06	2.8043e+06
4	65	0	11128	6352	2356	1973	447	6282	6	0.0566038	3.6661e+06	3.8501e+06	2.7003e+06	2.8363e+06
4	66	0	11129	6282	2385	2042	420	6184	6	0.0566038	3.6661e+06	3.8501e+06	2.7003e+06	2.8363e+06
4	67	0	11041	6184	2393	2027	437	6366	6	0.0566038	3.6661e+06	3.8501e+06	2.7003e+06	2.8363e+06
4	68	0	11250	6366	2391	2053	440	6420	5	0.0471698	3.6661e+06	3.8501e+06	2.7003e+06	2.8043e+06
4	69	0	11247	6420	2361	2041	425	6381	6	0.0566038	3.6661e+06	3.8501e+06	2.7003e+06	2.8363e+06
4	70	0	11189	6381	2363	2035	410	6232	6	0.0566038	3.6661e+06	3.8501e+06	2.7003e+06	2.8363e+06
4	71	0	11136	6232	2406	2060	438	6581	7	0.0660377	3.6661e+06	3.8501e+06	2.7003e+06	2.8363e+06
4	72	0	11355	6581	2294	2071	409	6330	7	0.0660377	3.6661e+06	3.8501e+06	2.7003e+06	2.8363e+06
4	73	0	11196	6330	2440	2002	424	6379	7	0.0660377	3.6661e+06	3.8501e+06	2.7003e+06	2.8523e+06
4	74	0	11342	6379	2433	2087	443	6524	6	0.0566038	3.6661e+06	3.8501e+06	2.7003e+06	2.8363e+06
4	75	0	11414	6524	2367	2064	459	6562	7	0.0660377	3.6661e+06	3.8501e+06	2.7003e+06	2.8363e+06
4	76	0	11505	6562	2402	2058	483	6508	8	0.0754717	3.6661e+06	3.8501e+06	2.7003e+06	2.8523e+06
4	77	0	11464	6508	2375	2136	445	6679	7	0.0660377	3.6661e+06	3.8501e+06	2.7003e+06	2.8523e+06
4	78	0	11634	6679	2398	2058	499	6675	7	0.0660377	3.6661e+06	3.8501e+06	2.7003e+06	2.8363e+06
4	79	0	11703	6675	2495	2053	480	6601	8	0.0754717	3.6661e+06	3.8501e+06	2.7003e+06	2.8523e+06
4	80	0	11616	6601	2443	2148	424	6660	8	0.0754717	3.6661e+06	3.8501e+06	2.7003e+06	2.8523e+06
4	81	0	11706	6660	2451	2117	478	6640	7	0.0660377	3.6661e+06	3.8501e+06	2.7003e+06	2.8363e+06
4	82	0	11793	6640	2500	2182	471	6909	8	0.0754717	3.6661e+06	3.8501e+06	2.7003e+06	2.8523e+06
4	83	0	11949	6909	2356	2198	486	6851	8	0.0754717	3.6661e+06	3.8501e+06	2.7003e+06	2.8523e+06
4	84	0	11868	6851	2485	2071	461	6630	9	0.0849057	3.6661e+06	3.8941e+06	2.7003e+06	2.8523e+06
4	85	0	11695	6630	2522	2093	450	6713	9	0.0849057	3.6661e+06	3.8941e+06	2.7003e+06	2.8523e+06
4	86	0	11882	6713	2509	2229	431	6988	9	0.0849057	3.6661e+06	3.8941e+06	2.7003e+06	2.8523e+06
4	87	0	12035	6988	2383	2171	493	6819	9	0.0849057	3.6661e+06	3.8941e+06	2.7003e+06	2.8523e+06
4	88	0	11863	6819	2491	2098	455	6642	9	0.0849057	3.6661e+06	3.8941e+06	2.7003e+06	2.8523e+06
4	89	0	11808	6642	2506	2180	480	7143	9	0.0849057	3.6661e+06	3.8941e+06	2.7003e+06	2.8523e+06
4	90	0	12036	7143	2324	2136	433	6752	9	0.0849057	3.6661e+06	3.8941e+06	2.7003e+06	2.8523e+06
4	91	0	11926	6752	2720	2021	433	6461	9	0.0849057	3.6661e+06	3.8941e+06	2.7003e+06	2.8523e+06
4	92	0	11786	6461	2593	2279	453	7252	9	0.0849057	3.6661e+06	3.8941e+06	2.7003e+06	2.8523e+06
4	93	0	12517	7252	2502	2252	511	7279	9	0.0849057	3.6661e+06	3.8941e+06	2.7003e+06	2.8523e+06
4	94	0	12662	7279	2675	2205	503	7194	9	0.0849057	3.6661e+06	3.8941e+06	2.7003e+06	2.8523e+06
4	95	0	12645	7194	2660	2297	494	7237	9	0.0849057	3.6661e+06	3.8941e+06	2.7003e+06	2.8523e+06
4	96	0	12777	7237	2700	2325	515	7407	9	0.0849057	3.6661e+06	3.8941e+06	2.7003e+06	2.8523e+06
4	97	0	12854	7407	2666	2304	477	7431	9	0.0849057	3.6661e+06	3.8941e+06	2.7003e+06	2.8523e+06
4	98	0	12937	7431	2679	2343	484	7429	9	0.0849057	3.6661e+06	3.8941e+06	2.7003e+06	2.8523e+06
4	99	0	13121	7429	2852	2365	475	7363	9	0.0849057	3.6661e+06	3.8941e+06	2.7003e+06	2.8523e+06
4	100	0	13237	7363	2897	2465	512	0	9	0.0849057	3.6661e+06	3.8941e+06	2.7003e+06	2.8523e+06
5	0	0	40	0	0	20	20	214	1	0.00943396	3.6661e+06	3.7541e+06	2.7443e+06	2.7843e+06
5	1	0	228	214	0	5	9	64	1	0.00943396	3.6661e+06	3.7541e+06	2.7443e+06	2.7843e+06
5	2	0	162	64	96	0	2	13	1	0.00943396	3.6661e+06	3.7541e+06	2.7443e+06	2.7843e+06
5	3	0	113	13	31	67	2	315	1	0.00943396	3.6661e+06	3.7541e+06	2.7443e+06	2.7843e+06
5	4	0	367	315	6	39	7	202	1	0.00943396	3.6661e+06	3.7541e+06	2.7443e+06	2.7843e+06
5	5	0	342	202	119	15	6	96	1	0.00943396	3.6661e+06	3.7541e+06	2.7443e+06	2.7843e+06
5	6	0	281	96	97	86	2	392	1	0.00943396	3.6661e+06	3.7541e+06	2.7443e+06	2.7843e+06
5	7	0	534	392	44	84	14	418	1	0.00943396	3.6661e+06	3.7541e+06	2.7443e+06	2.7843e+06
5	8	0	653	418	161	46	28	327	1	0.00943396	3.6661e+06	3.7541e+06	2.7443e+06	2.7843e+06
5	9	0	640	327	182	115	16	530	1	0.00943396	3.6661e+06	3.7541e+06	2.7443e+06	2.7843e+06
5	10	0	827	530	126	149	22	712	1	0.00943396	3.6661e+06	3.7541e+06	2.7443e+06	2.7843e+06
5	11	0	1077	712	216	113	36	593	1	0.00943396	3.6661e+06	3.7541e+06	2.7443e+06	2.7843e+06
5	12	0	1106	593	326	155	32	777	1	0.00943396	3.6661e+06	3.7541e+06	2.7443e+06	2.7843e+06
5	13	0	1315	777	258	246	34	1055	1	0.00943396	3.6661e+06	3.7541e+06	2.7443e+06	2.7843e+06
5	14	0	1672	1055	327	230	60	1049	1	0.00943396	3.6661e+06	3.7541e+06	2.7443e+06	2.7843e+06
5	15	0	1823	1049	463	257	54	1177	1	0.00943396	3.6661e+06	3.7541e+06	2.7443e+06	2.7843e+06
5	16	0	2080	1177	453	397	53	1581	1	0.00943396	3.6661e+06	3.7541e+06	2.7443e+06	2.7843e+06
5	17	0	2554	1581	509	390	74	1548	1	0.00943396	3.6661e+06	3.7541e+06	2.7443e+06	2.7843e+06
5	18	0	2751	1548	689	433	81	1718	1	0.00943396	3.6661e+06	3.7541e+06	2.7443e+06	2.7843e+06
5	19	0	3042	1718	681	546	97	2031	2	0.0188679	3.6661e+06	3.7541e+06	2.7003e+06	2.7843e+06
5	20	0	3476	2031	761	583	101	1952	3	0.0283019	3.6661e+06	3.7861e+06	2.7003e+06	2.7843e+06
5	21	0	3543	1952	851	616	124	2184	4	0.0377358	3.6661e+06	3.7861e+06	2.7003e+06	2.8043e+06
5	22	0	3835	2184	829	713	109	2390	3	0.0283019	3.6661e+06	3.7861e+06	2.7003e+06	2.7843e+06
5	23	0	4146	2390	885	731	140	2424	3	0.0283019	3.6661e+06	3.7861e+06	2.7003e+06	2.7843e+06
5	24	0	4319	2424	972	779	144	2607	4	0.0377358	3.6661e+06	3.7861e+06	2.7003e+06	2.8043e+06
5	25	0	4520	2607	931	828	154	2765	3	0.0283019	3.6661e+06	3.7861e+06	2.7003e+06	2.7843e+06
5	26	0	4814	2765	1063	805	181	2832	4	0.0377358	3.6661e+06	3.7861e+06	2.7003e+06	2.8043e+06
5	27	0	5041	2832	1081	947	181	3371	4	0.0377358	3.6661e+06	3.7861e+06	2.7003e+06	2.8043e+06
5	28	0	5640	3371	1126	926	217	3376	4	0.0377358	3.6661e+06	3.7861e+06	2.7003e+06	2.8043e+06
5	29	0	5894	3376	1324	994	200	3594	4	0.0377358	3.6661e+06	3.7861e+06	2.7003e+06	2.8043e+06
5	30	0	6228	3594	1331	1094	209	3913	4	0.0377358	3.6661e+06	3.7861e+06	2.7003e+06	2.8043e+06
5	31	0	6721	3913	1484	1133	191	4048	4	0.0377358	3.6661e+06	3.7861e+06	2.7003e+06	2.8043e+06
5	32	0	7077	4048	1549	1247	233	4440	4	0.0377358	3.6661e+06	3.7861e+06	2.7003e+06	2.8043e+06
5	33	0	7692	4440	1631	1346	275	4664	4	0.0377358	3.6661e+06	3.7861e+06	2.7003e+06	2.8043e+06
5	34	0	8145	4664	1793	1412	276	4825	4	0.0377358	3.6661e+06	3.7861e+06	2.7003e+06	2.8043e+06
5	35	0	8588	4825	1957	1515	291	5009	4	0.0377358	3.6661e+06	3.7861e+06	2.7003e+06	2.8043e+06
5	36	0	9004	5009	2013	1672	310	5549	4	0.0377358	3.6661e+06	3.7861e+06	2.7003e+06	2.8043e+06
5	37	0	9672	5549	2027	1726	370	5561	4	0.0377358	3.6661e+06	3.7861e+06	2.7003e+06	2.8043e+06
5	38	0	9904	5561	2160	1797	386	5919	4	0.0377358	3.6661e+06	3.7861e+06	2.7003e+06	2.8043e+06
5	39	0	10258	5919	2117	1830	392	5816	4	0.0377358	3.6661e+06	3.7861e+06	2.7003e+06	2.8043e+06
5	40	0	10323	5816	2248	1818	441	6010	4	0.0377358	3.6661e+06	3.7861e+06	2.7003e+06	2.8043e+06
5	41	0	10492	6010	2183	1893	406	5978	4	0.0377358	3.6661e+06	3.7861e+06	2.7003e+06	2.8043e+06
5	42	0	10540	5978	2253	1895	414	6121	4	0.0377358	3.6661e+06	3.7861e+06	2.7003e+06	2.8043e+06
5	43	0	10661	6121	2210	1935	395	5946	4	0.0377358	3.6661e+06	3.7861e+06	2.7003e+06	2.8043e+06
5	44	0	10486	5946	2269	1883	388	6047	4	0.0377358	3.6661e+06	3.7861e+06	2.7003e+06	2.8043e+06
5	45	0	10649	6047	2255	1964	383	6107	4	0.0377358	3.6661e+06	3.7861e+06	2.7003e+06	2.8043e+06
5	46	0	10697	6107	2233	1962	395	6135	4	0.0377358	3.6661e+06	3.7861e+06	2.7003e+06	2.8043e+06
5	47	0	10758	6135	2290	1952	381	5990	4	0.0377358	3.6661e+06	3.7861e+06	2.7003e+06	2.8043e+06
5	48	0	10694	5990	2277	2002	425	6254	4	0.0377358	3.6661e+06	3.7861e+06	2.7003e+06	2.8043e+06
5	49	0	10908	6254	2236	1985	433	6205	5	0.0471698	3.6661e+06	3.7901e+06	2.7003e+06	2.8363e+06
5	50	0	10856	6205	2337	1902	412	6009	5	0.0471698	3.6661e+06	3.7901e+06	2.7003e+06	2.8363e+06
5	51	0	10741	6009	2345	2002	385	6208	4	0.0377358	3.6661e+06	3.7861e+06	2.7003e+06	2.8043e+06
5	52	0	10940	6208	2273	2042	417	6273	5	0.0471698	3.6661e+06	3.7901e+06	2.7003e+06	2.8363e+06
5	53	0	10971	6273	2291	1971	436	6169	5	0.0471698	3.6661e+06	3.7901e+06	2.7003e+06	2.8363e+06
5	54	0	10901	6169	2362	1962	408	6070	5	0.0471698	3.6661e+06	3.7901e+06	2.7003e+06	2.8363e+06
5	55	0	10823	6070	2352	1991	410	6133	5	0.0471698	3.6661e+06	3.7901e+06	2.7003e+06	2.8363e+06
5	56	0	10886	6133	2311	1979	463	6456	7	0.0660377	3.6661e+06	3.8501e+06	2.7003e+06	2.8523e+06
5	57	0	11090	6456	2210	1982	442	6155	5	0.0471698	3.6661e+06	3.7901e+06	2.7003e+06	2.8363e+06
5	58	0	10904	6155	2405	1919	425	6229	5	0.0471698	3.6661e+06	3.7901e+06	2.7003e+06	2.8363e+06
5	59	0	11044	6229	2296	2119	400	6495	6	0.0566038	3.6661e+06	3.8501e+06	2.7003e+06	2.8363e+06
5	60	0	11280	6495	2283	2056	446	6418	6	0.0566038	3.6661e+06	3.8501e+06	2.7003e+06	2.8363e+06
5	61	0	11193	6418	2372	1965	438	6236	6	0.0566038	3.6661e+06	3.8221e+06	2.7003e+06	2.8363e+06
5	62	0	11044	6236	2381	2011	416	6259	7	0.0660377	3.6661e+06	3.8501e+06	2.7003e+06	2.8363e+06
5	63	0	11030	6259	2312	2029	430	6412	6	0.0566038	3.6661e+06	3.8501e+06	2.7003e+06	2.8363e+06
5	64	0	11082	6412	2264	1964	442	6363	7	0.0660377	3.6661e+06	3.8501e+06	2.7003e+06	2.8363e+06
5	65	0	11063	6363	2299	1981	420	6248	6	0.0566038	3.6661e+06	3.8501e+06	2.7003e+06	2.8363e+06
5	66	0	10972	6248	2310	1970	444	6138	6	0.0566038	3.6661e+06	3.8501e+06	2.7003e+06	2.8363e+06
5	67	0	11013	6138	2451	2017	407	6249	7	0.0660377	3.6661e+06	3.8501e+06	2.7003e+06	2.8363e+06
5	68	0	11170	6249	2380	2134	407	6610	7	0.0660377	3.6661e+06	3.8501e+06	2.7003e+06	2.8363e+06
5	69	0	11433	6610	2311	2085	427	6446	6	0.0566038	3.6661e+06	3.8501e+06	2.7003e+06	2.8363e+06
5	70	0	11419	6446	2479	2059	435	6350	7	0.0660377	3.6661e+06	3.8501e+06	2.7003e+06	2.8363e+06
5	71	0	11359	6350	2441	2126	442	6553	7	0.0660377	3.6661e+06	3.8501e+06	2.7003e+06	2.8363e+06
5	72	0	11464	6553	2360	2116	435	6399	7	0.0660377	3.6661e+06	3.8501e+06	2.7003e+06	2.8523e+06
5	73	0	11278	6399	2368	2063	448	6634	8	0.0754717	3.6661e+06	3.8501e+06	2.7003e+06	2.8523e+06
5	74	0	11611	6634	2410	2101	466	6616	8	0.0754717	3.6661e+06	3.8501e+06	2.7003e+06	2.8523e+06
5	75	0	11549	6616	2400	2061	472	6558	8	0.0754717	3.6661e+06	3.8501e+06	2.7003e+06	2.8523e+06
5	76	0	11501	6558	2404	2094	445	6488	8	0.0754717	3.6661e+06	3.8501e+06	2.7003e+06	2.8523e+06
5	77	0	11550	6488	2459	2123	480	6781	8	0.0754717	3.6661e+06	3.8501e+06	2.7003e+06	2.8523e+06
5	78	0	11714	6781	2352	2110	471	6658	8	0.0754717	3.6661e+06	3.8501e+06	2.7003e+06	2.8523e+06
5	79	0	11679	6658	2483	2070	468	6652	8	0.0754717	3.6661e+06	3.8501e+06	2.7003e+06	2.8523e+06
5	80	0	11754	6652	2519	2135	448	6877	8	0.0754717	3.6661e+06	3.8501e+06	2.7003e+06	2.8523e+06
5	81	0	11929	6877	2464	2152	436	6950	8	0.0754717	3.6661e+06	3.8501e+06	2.7003e+06	2.8523e+06
5	82	0	12081	6950	2534	2139	458	6727	8	0.0754717	3.6661e+06	3.8501e+06	2.7003e+06	2.8523e+06
5	83	0	11993	6727	2622	2185	459	6930	8	0.0754717	3.6661e+06	3.8501e+06	2.7003e+06	2.8523e+06
5	84	0	12140	6930	2538	2209	463	7104	8	0.0754717	3.6661e+06	3.8501e+06	2.7003e+06	2.8523e+06
5	85	0	12472	7104	2666	2226	476	7107	8	0.0754717	3.6661e+06	3.8501e+06	2.7003e+06	2.8523e+06
5	86	0	12720	7107	2780	2342	491	7394	8	0.0754717	3.6661e+06	3.8501e+06	2.7003e+06	2.8523e+06
5	87	0	12967	7394	2616	2447	510	7631	8	0.0754717	3.6661e+06	3.8501e+06	2.7003e+06	2.8523e+06
5	88	0	13143	7631	2685	2326	501	7348	9	0.0849057	3.6661e+06	3.8501e+06	2.7003e+06	2.8843e+06
5	89	0	13059	7348	2857	2340	514	7498	8	0.0754717	3.6661e+06	3.8501e+06	2.7003e+06	2.8523e+06
5	90	0	13089	7498	2713	2339	539	7624	9	0.0849057	3.6661e+06	3.8501e+06	2.7003e+06	2.8923e+06
5	91	0	13361	7624	2809	2373	555	7693	8	0.0754717	3.6661e+06	3.8501e+06	2.7003e+06	2.8523e+06
5	92	0	13404	7693	2823	2343	545	7447	10	0.0943396	3.6661e+06	3.8741e+06	2.7003e+06	2.8843e+06
5	93	0	13325	7447	2889	2490	499	7751	10	0.0943396	3.6661e+06	3.8501e+06	2.7003e+06	2.8923e+06
5	94	0	13542	7751	2715	2524	552	8097	9	0.0849057	3.6661e+06	3.8501e+06	2.7003e+06	2.8843e+06
5	95	0	13829	8097	2803	2396	533	7629	11	0.103774	3.6661e+06	3.9981e+06	2.6723e+06	2.8843e+06
5	96	0	13621	7629	3023	2428	541	7793	11	0.103774	3.6661e+06	3.8941e+06	2.7003e+06	2.8843e+06
5	97	0	13733	7793	2833	2581	526	8193	11	0.103774	3.6661e+06	3.8741e+06	2.6683e+06	2.8843e+06
5	98	0	14102	8193	2909	2463	537	7629	11	0.103774	3.6661e+06	3.8901e+06	2.6683e+06	2.8843e+06
5	99	0	13773	7629	3074	2550	520	7939	14	0.132075	3.5661e+06	3.8941e+06	2.6683e+06	2.8843e+06
5	100	0	13915	7939	2778	2643	555	0	13	0.122642	3.6661e+06	3.8941e+06	2.6683e+06	2.8843e+06
6	0	0	40	0	0	20	20	190	1	0.00943396	3.6661e+06	3.7541e+06	2.7443e+06	2.7843e+06
6	1	0	202	190	0	6	6	78	1	0.00943396	3.6661e+06	3.7541e+06	2.7443e+06	2.7843e+06
6	2	0	171	78	90	0	3	13	1	0.00943396	3.6661e+06	3.7541e+06	2.7443e+06	2.7843e+06
6	3	0	115	13	36	65	1	302	1	0.00943396	3.6661e+06	3.7541e+06	2.7443e+06	2.7843e+06
6	4	0	365	302	7	48	8	249	1	0.00943396	3.6661e+06	3.7541e+06	2.7443e+06	2.7843e+06
6	5	0	404	249	126	18	11	132	1	0.00943396	3.6661e+06	3.7541e+06	2.7443e+06	2.7843e+06
6	6	0	351	132	116	92	11	453	1	0.00943396	3.6661e+06	3.7541e+06	2.7443e+06	2.7843e+06
6	7	0	624	453	53	103	15	463	1	0.00943396	3.6661e+06	3.7541e+06	2.7443e+06	2.7843e+06
6	8	0	745	463	198	59	25	392	1	0.00943396	3.6661e+06	3.7541e+06	2.7443e+06	2.7843e+06
6	9	0	754	392	194	150	18	658	1	0.00943396	3.6661e+06	3.7541e+06	2.7443e+06	2.7843e+06
6	10	0	1043	658	191	161	33	766	1	0.00943396	3.6661e+06	3.7541e+06	2.7443e+06	2.7843e+06
6	11	0	1245	766	286	153	40	765	1	0.00943396	3.6661e+06	3.7541e+06	2.7443e+06	2.7843e+06
6	12	0	1348	765	319	230	34	1017	1	0.00943396	3.6661e+06	3.7541e+06	2.7443e+06	2.7843e+06
6	13	0	1667	1017	324	280	46	1188	1	0.00943396	3.6661e+06	3.7541e+06	2.7443e+06	2.7843e+06
6	14	0	1955	1188	424	285	58	1243	1	0.00943396	3.6661e+06	3.7541e+06	2.7443e+06	2.7843e+06
6	15	0	2183	1243	549	336	55	1367	1	0.00943396	3.6661e+06	3.7541e+06	2.7443e+06	2.7843e+06
6	16	0	2401	1367	517	454	63	1750	1	0.00943396	3.6661e+06	3.7541e+06	2.7443e+06	2.7843e+06
6	17	0	2915	1750	605	468	92	1794	1	0.00943396	3.6661e+06	3.7541e+06	2.7443e+06	2.7843e+06
6	18	0	3123	1794	705	539	85	1931	2	0.0188679	3.6661e+06	3.7541e+06	2.7003e+06	2.7843e+06
6	19	0	3361	1931	699	614	117	2205	2	0.0188679	3.6661e+06	3.7541e+06	2.7003e+06	2.7843e+06
6	20	0	3759	2205	834	594	126	2057	2	0.0188679	3.6661e+06	3.7541e+06	2.7003e+06	2.7843e+06
6	21	0	3830	2057	956	683	134	2380	4	0.0377358	3.6661e+06	3.7861e+06	2.7003e+06	2.8043e+06
6	22	0	4164	2380	852	780	152	2567	4	0.0377358	3.6661e+06	3.7861e+06	2.7003e+06	2.8043e+06
6	23	0	4444	2567	966	746	165	2522	4	0.0377358	3.6661e+06	3.7861e+06	2.7003e+06	2.8043e+06
6	24	0	4547	2522	1052	809	164	2785	4	0.0377358	3.6661e+06	3.7861e+06	2.7003e+06	2.8043e+06
6	25	0	4867	2785	1030	890	162	3014	4	0.0377358	3.6661e+06	3.7861e+06	2.7003e+06	2.8043e+06
6	26	0	5201	3014	1084	901	202	3139	4	0.0377358	3.6661e+06	3.7861e+06	2.7003e+06	2.8043e+06
6	27	0	5477	3139	1188	954	196	3306	4	0.0377358	3.6661e+06	3.7861e+06	2.7003e+06	2.8043e+06
6	28	0	5816	3306	1283	1016	211	3709	4	0.0377358	3.6661e+06	3.7861e+06	2.7003e+06	2.8043e+06
6	29	0	6416	3709	1367	1118	222	3925	4	0.0377358	3.6661e+06	3.7861e+06	2.7003e+06	2.8043e+06
6	30	0	6809	3925	1462	1182	240	4126	4	0.0377358	3.6661e+06	3.7861e+06	2.7003e+06	2.8043e+06
6	31	0	7182	4126	1554	1246	256	4290	4	0.0377358	3.6661e+06	3.7861e+06	2.7003e+06	2.8043e+06
6	32	0	7553	4290	1667	1316	280	4730	4	0.0377358	3.6661e+06	3.7861e+06	2.7003e+06	2.8043e+06
6	33	0	8187	4730	1756	1424	277	4969	4	0.0377358	3.6661e+06	3.7861e+06	2.7003e+06	2.8043e+06
6	34	0	8705	4969	1915	1523	298	5065	4	0.0377358	3.6661e+06	3.7861e+06	2.7003e+06	2.8043e+06
6	35	0	9035	5065	2027	1612	331	5525	4	0.0377358	3.6661e+06	3.7861e+06	2.7003e+06	2.8043e+06
6	36	0	9622	5525	2011	1751	335	5705	4	0.0377358	3.6661e+06	3.7861e+06	2.7003e+06	2.8043e+06
6	37	0	9903	5705	2086	1739	373	5608	4	0.0377358	3.6661e+06	3.7861e+06	2.7003e+06	2.8043e+06
6	38	0	10067	5608	2272	1806	381	5723	4	0.0377358	3.6661e+06	3.7861e+06	2.7003e+06	2.8043e+06
6	39	0	10176	5723	2143	1932	378	6140	4	0.0377358	3.6661e+06	3.7861e+06	2.7003e+06	2.8043e+06
6	40	0	10590	6140	2165	1862	423	6011	4	0.0377358	3.6661e+06	3.7861e+06	2.7003e+06	2.8043e+06
6	41	0	10510	6011	2266	1834	399	5921	4	0.0377358	3.6661e+06	3.7861e+06	2.7003e+06	2.8043e+06
6	42	0	10666	5921	2395	1949	401	6122	4	0.0377358	3.6661e+06	3.7861e+06	2.7003e+06	2.8043e+06
6	43	0	10823	6122	2265	2016	420	6280	4	0.0377358	3.6661e+06	3.7861e+06	2.7003e+06	2.8043e+06
6	44	0	10957	6280	2279	1965	433	6217	4	0.0377358	3.6661e+06	3.7861e+06	2.7003e+06	2.8043e+06
6	45	0	11004	6217	2341	2026	420	6267	4	0.0377358	3.6661e+06	3.7861e+06	2.7003e+06	2.8043e+06
6	46	0	11014	6267	2282	2031	434	6388	5	0.0471698	3.6661e+06	3.7901e+06	2.7003e+06	2.8363e+06
6	47	0	11036	6388	2248	1967	433	6249	5	0.0471698	3.6661e+06	3.7901e+06	2.7003e+06	2.8363e+06
6	48	0	10908	6249	2353	1893	413	6063	6	0.0566038	3.6661e+06	3.7901e+06	2.7003e+06	2.8723e+06
6	49	0	10771	6063	2338	1969	401	6162	6	0.0566038	3.6661e+06	3.7901e+06	2.7003e+06	2.8723e+06
6	50	0	10877	6162	2303	2000	412	6208	6	0.0566038	3.6661e+06	3.7901e+06	2.7003e+06	2.8723e+06
6	51	0	10909	6208	2282	1981	438	6170	6	0.0566038	3.6661e+06	3.8101e+06	2.7003e+06	2.8523e+06
6	52	0	10889	6170	2307	1993	419	6167	7	0.0660377	3.6661e+06	3.8101e+06	2.7003e+06	2.8723e+06
6	53	0	10931	6167	2359	2002	403	6268	8	0.0754717	3.6661e+06	3.8221e+06	2.7003e+06	2.8723e+06
6	54	0	11047	6268	2295	2034	450	6283	7	0.0660377	3.6661e+06	3.8101e+06	2.7003e+06	2.8723e+06
6	55	0	11004	6283	2297	1990	434	6212	7	0.0660377	3.6661e+06	3.8101e+06	2.7003e+06	2.8723e+06
6	56	0	10842	6212	2236	1990	404	6289	8	0.0754717	3.6661e+06	3.8221e+06	2.7003e+06	2.8723e+06
6	57	0	11024	6289	2354	1974	407	6171	7	0.0660377	3.6661e+06	3.8101e+06	2.7003e+06	2.8723e+06
6	58	0	10904	6171	2305	1988	440	6409	8	0.0754717	3.6661e+06	3.8501e+06	2.7003e+06	2.8723e+06
6	59	0	11113	6409	2273	1961	470	6422	9	0.0849057	3.6661e+06	3.8501e+06	2.7003e+06	2.8723e+06
6	60	0	11221	6422	2422	1967	410	6277	8	0.0754717	3.6661e+06	3.8221e+06	2.7003e+06	2.8723e+06
6	61	0	11220	6277	2426	2073	444	6643	9	0.0849057	3.6661e+06	3.8501e+06	2.7003e+06	2.8723e+06
6	62	0	11570	6643	2302	2171	454	6815	9	0.0849057	3.6661e+06	3.8501e+06	2.7003e+06	2.8723e+06
6	63	0	11665	6815	2410	1972	468	6419	9	0.0849057	3.6661e+06	3.8501e+06	2.7003e+06	2.8723e+06
6	64	0	11558	6419	2588	2082	469	6712	9	0.0849057	3.6661e+06	3.8501e+06	2.7003e+06	2.8723e+06
6	65	0	11756	6712	2400	2200	444	6786	10	0.0943396	3.6661e+06	3.8501e+06	2.7003e+06	2.8923e+06
6	66	0	11904	6786	2531	2112	475	6727	9	0.0849057	3.6661e+06	3.8501e+06	2.7003e+06	2.8723e+06
6	67	0	12059	6727	2632	2220	480	7166	9	0.0849057	3.6661e+06	3.8501e+06	2.7003e+06	2.8723e+06
6	68	0	12396	7166	2465	2271	494	7254	10	0.0943396	3.6661e+06	3.8501e+06	2.7003e+06	2.8923e+06
6	69	0	12551	7254	2614	2199	484	7039	10	0.0943396	3.6661e+06	3.8501e+06	2.7003e+06	2.8923e+06
6	70	0	12453	7039	2686	2225	503	7136	10	0.0943396	3.6661e+06	3.8501e+06	2.7003e+06	2.8923e+06
6	71	0	12491	7136	2591	2275	489	7242	10	0.0943396	3.6661e+06	3.8501e+06	2.7003e+06	2.8923e+06
6	72	0	12658	7242	2678	2243	495	7162	10	0.0943396	3.6661e+06	3.8501e+06	2.7003e+06	2.8923e+06
6	73	0	12683	7162	2727	2314	480	7413	10	0.0943396	3.6661e+06	3.8501e+06	2.7003e+06	2.8923e+06
6	74	0	12983	7413	2723	2349	498	7502	11	0.103774	3.6661e+06	3.8501e+06	2.7003e+06	2.8923e+06
6	75	0	13128	7502	2766	2375	485	7480	10	0.0943396	3.6661e+06	3.8501e+06	2.7003e+06	2.8923e+06
6	76	0	13164	7480	2792	2400	492	7788	10	0.0943396	3.6661e+06	3.8501e+06	2.7003e+06	2.8923e+06
6	77	0	13424	7788	2762	2313	561	7520	11	0.103774	3.6661e+06	3.8501e+06	2.7003e+06	2.8923e+06
6	78	0	13359	7520	2926	2389	524	7840	10	0.0943396	3.6661e+06	3.8501e+06	2.7003e+06	2.8923e+06
6	79	0	13713	7840	2851	2519	503	8106	11	0.103774	3.6661e+06	3.8501e+06	2.7003e+06	2.8923e+06
6	80	0	14085	8106	2934	2508	537	7952	11	0.103774	3.6661e+06	3.8501e+06	2.7003e+06	2.8923e+06
6	81	0	14038	7952	3020	2503	563	8056	11	0.103774	3.6661e+06	3.8501e+06	2.7003e+06	2.8923e+06
6	82	0	14154	8056	2978	2545	575	8370	11	0.103774	3.6661e+06	3.8501e+06	2.7003e+06	2.8923e+06
6	83	0	14526	8370	3080	2523	553	8113	11	0.103774	3.6661e+06	3.8501e+06	2.7003e+06	2.8923e+06
6	84	0	14471	8113	3172	2619	567	8495	12	0.113208	3.6661e+06	3.8501e+06	2.6683e+06	2.8923e+06
6	85	0	14838	8495	3117	2685	541	8387	11	0.103774	3.6661e+06	3.8501e+06	2.7003e+06	2.8923e+06
6	86	0	14675	8387	3081	2656	551	8401	12	0.113208	3.6661e+06	3.8741e+06	2.7003e+06	2.8923e+06
6	87	0	14844	8401	3149	2732	562	8585	13	0.122642	3.6661e+06	3.8741e+06	2.6683e+06	2.8923e+06
6	88	0	15163	8585	3257	2738	583	8723	14	0.132075	3.6661e+06	3.8941e+06	2.6683e+06	2.8923e+06
6	89	0	15332	8723	3214	2796	599	8907	14	0.132075	3.6661e+06	3.8941e+06	2.6683e+06	2.8923e+06
6	90	0	15462	8907	3172	2776	607	8765	14	0.132075	3.6661e+06	3.8941e+06	2.6683e+06	2.8923e+06
6	91	0	15401	8765	3225	2782	629	9057	14	0.132075	3.6661e+06	3.8941e+06	2.6683e+06	2.8923e+06
6	92	0	15736	9057	3243	2787	649	9023	15	0.141509	3.6661e+06	3.8941e+06	2.6683e+06	2.8923e+06
6	93	0	15740	9023	3319	2774	624	8807	15	0.141509	3.6661e+06	3.8941e+06	2.6683e+06	2.8923e+06
6	94	0	15674	8807	3381	2899	587	9049	15	0.141509	3.6661e+06	3.8941e+06	2.6683e+06	2.8923e+06
6	95	0	15946	9049	3332	2953	612	9246	16	0.150943	3.6661e+06	3.8941e+06	2.6603e+06	2.8923e+06
6	96	0	16140	9246	3294	2923	677	9518	16	0.150943	3.6661e+06	3.8941e+06	2.6683e+06	2.9283e+06
6	97	0	16369	9518	3294	2947	610	9176	16	0.150943	3.6661e+06	3.8941e+06	2.6683e+06	2.8923e+06
6	98	0	16181	9176	3539	2891	575	9060	16	0.150943	3.6661e+06	3.8941e+06	2.6683e+06	2.8923e+06
6	99	0	16109	9060	3452	2995	602	9533	17	0.160377	3.6661e+06	3.8941e+06	2.6683e+06	2.9283e+06
6	100	0	16384	9533	3266	2963	622	0	17	0.160377	3.6661e+06	3.8941e+06	2.6683e+06	2.9283e+06
7	0	0	40	0	0	20	20	230	1	0.00943396	3.6661e+06	3.7541e+06	2.7443e+06	2.7843e+06
7	1	0	246	230	0	4	12	77	1	0.00943396	3.6661e+06	3.7541e+06	2.7443e+06	2.7843e+06
7	2	0	186	77	101	2	6	42	1	0.00943396	3.6661e+06	3.7541e+06	2.7443e+06	2.7843e+06
7	3	0	154	42	41	69	2	336	1	0.00943396	3.6661e+06	3.7541e+06	2.7443e+06	2.7843e+06
7	4	0	412	336	17	48	11	265	1	0.00943396	3.6661e+06	3.7541e+06	2.7443e+06	2.7843e+06
7	5	0	436	265	132	24	15	175	1	0.00943396	3.6661e+06	3.7541e+06	2.7443e+06	2.7843e+06
7	6	0	400	175	119	97	9	445	1	0.00943396	3.6661e+06	3.7541e+06	2.7443e+06	2.7843e+06
7	7	0	649	445	74	115	15	503	1	0.00943396	3.6661e+06	3.7541e+06	2.7443e+06	2.7843e+06
7	8	0	782	503	178	72	29	436	1	0.00943396	3.6661e+06	3.7541e+06	2.7443e+06	2.7843e+06
7	9	0	791	436	209	130	16	610	1	0.00943396	3.6661e+06	3.7541e+06	2.7443e+06	2.7843e+06
7	10	0	994	610	188	175	21	785	1	0.00943396	3.6661e+06	3.7541e+06	2.7443e+06	2.7843e+06
7	11	0	1256	785	253	179	39	855	1	0.00943396	3.6661e+06	3.7541e+06	2.7443e+06	2.7843e+06
7	12	0	1462	855	342	228	37	1021	1	0.00943396	3.6661e+06	3.7541e+06	2.7443e+06	2.7843e+06
7	13	0	1702	1021	365	270	46	1144	1	0.00943396	3.6661e+06	3.7541e+06	2.7443e+06	2.7843e+06
7	14	0	1933	1144	423	306	60	1311	1	0.00943396	3.6661e+06	3.7541e+06	2.7443e+06	2.7843e+06
7	15	0	2177	1311	472	331	63	1401	1	0.00943396	3.6661e+06	3.7541e+06	2.7443e+06	2.7843e+06
7	16	0	2440	1401	572	399	68	1530	1	0.00943396	3.6661e+06	3.7541e+06	2.7443e+06	2.7843e+06
7	17	0	2647	1530	571	470	76	1803	2	0.0188679	3.6661e+06	3.7541e+06	2.7003e+06	2.7843e+06
7	18	0	3063	1803	668	496	96	1876	3	0.0283019	3.6661e+06	3.7861e+06	2.7003e+06	2.7843e+06
7	19	0	3291	1876	744	565	106	2057	3	0.0283019	3.6661e+06	3.7861e+06	2.7003e+06	2.7843e+06
7	20	0	3624	2057	804	645	118	2224	2	0.0188679	3.6661e+06	3.7541e+06	2.7003e+06	2.7843e+06
7	21	0	3821	2224	793	679	125	2290	4	0.0377358	3.6661e+06	3.7861e+06	2.7003e+06	2.8043e+06
7	22	0	3988	2290	907	651	140	2341	4	0.0377358	3.6661e+06	3.7861e+06	2.7003e+06	2.8043e+06
7	23	0	4193	2341	955	751	146	2588	3	0.0283019	3.6661e+06	3.7861e+06	2.7003e+06	2.7843e+06
7	24	0	4529	2588	955	815	171	2827	4	0.0377358	3.6661e+06	3.7861e+06	2.7003e+06	2.8043e+06
7	25	0	4838	2827	1030	826	155	2690	4	0.0377358	3.6661e+06	3.7861e+06	2.7003e+06	2.8043e+06
7	26	0	4875	2690	1140	883	162	3042	4	0.0377358	3.6661e+06	3.7861e+06	2.7003e+06	2.8043e+06
7	27	0	5234	3042	1081	952	159	3356	4	0.0377358	3.6661e+06	3.7861e+06	2.7003e+06	2.8043e+06
7	28	0	5707	3356	1211	956	184	3385	4	0.0377358	3.6661e+06	3.7861e+06	2.7003e+06	2.8043e+06
7	29	0	6008	3385	1388	1010	225	3665	4	0.0377358	3.6661e+06	3.7861e+06	2.7003e+06	2.8043e+06
7	30	0	6356	3665	1406	1079	206	3861	4	0.0377358	3.6661e+06	3.7861e+06	2.7003e+06	2.8043e+06
7	31	0	6734	3861	1460	1181	232	4198	4	0.0377358	3.6661e+06	3.7861e+06	2.7003e+06	2.8043e+06
7	32	0	7223	4198	1557	1236	232	4318	4	0.0377358	3.6661e+06	3.7861e+06	2.7003e+06	2.8043e+06
7	33	0	7653	4318	1712	1356	267	4782	4	0.0377358	3.6661e+06	3.7861e+06	2.7003e+06	2.8043e+06
7	34	0	8271	4782	1774	1448	267	4924	4	0.0377358	3.6661e+06	3.7861e+06	2.7003e+06	2.8043e+06
7	35	0	8670	4924	1939	1521	286	5169	4	0.0377358	3.6661e+06	3.7861e+06	2.7003e+06	2.8043e+06
7	36	0	9131	5169	1980	1650	332	5483	4	0.0377358	3.6661e+06	3.7861e+06	2.7003e+06	2.8043e+06
7	37	0	9622	5483	2115	1653	371	5466	4	0.0377358	3.6661e+06	3.7861e+06	2.7003e+06	2.8043e+06
7	38	0	9800	5466	2154	1818	362	5935	4	0.0377358	3.6661e+06	3.7861e+06	2.7003e+06	2.8043e+06
7	39	0	10336	5935	2140	1871	390	6001	4	0.0377358	3.6661e+06	3.7861e+06	2.7003e+06	2.8043e+06
7	40	0	10534	6001	2261	1878	394	5855	4	0.0377358	3.6661e+06	3.7861e+06	2.7003e+06	2.8043e+06
7	41	0	10339	5855	2180	1914	390	6173	4	0.0377358	3.6661e+06	3.7861e+06	2.7003e+06	2.8043e+06
7	42	0	10757	6173	2232	1941	411	6196	5	0.0471698	3.6661e+06	3.7901e+06	2.7003e+06	2.8363e+06
7	43	0	10839	6196	2271	1948	424	6087	4	0.0377358	3.6661e+06	3.7861e+06	2.7003e+06	2.8043e+06
7	44	0	10918	6087	2438	1972	421	6227	5	0.0471698	3.6661e+06	3.8221e+06	2.7003e+06	2.8043e+06
7	45	0	11067	6227	2319	2096	425	6516	6	0.0566038	3.6661e+06	3.8221e+06	2.7003e+06	2.8363e+06
7	46	0	11305	6516	2229	2076	484	6495	6	0.0566038	3.6661e+06	3.8221e+06	2.7003e+06	2.8363e+06
7	47	0	11269	6495	2320	1975	479	6229	6	0.0566038	3.6661e+06	3.8221e+06	2.7003e+06	2.8363e+06
7	48	0	11071	6229	2369	2026	447	6454	5	0.0471698	3.6661e+06	3.8221e+06	2.7003e+06	2.8043e+06
7	49	0	11251	6454	2307	2005	485	6284	4	0.0377358	3.6661e+06	3.7861e+06	2.7003e+06	2.8043e+06
7	50	0	11127	6284	2385	1968	490	6149	6	0.0566038	3.6661e+06	3.8221e+06	2.7003e+06	2.8363e+06
7	51	0	10942	6149	2325	2013	455	6351	5	0.0471698	3.6661e+06	3.8221e+06	2.7003e+06	2.8043e+06
7	52	0	11067	6351	2308	2005	403	6124	4	0.0377358	3.6661e+06	3.7861e+06	2.7003e+06	2.8043e+06
7	53	0	10993	6124	2401	2035	433	6285	6	0.0566038	3.6661e+06	3.8221e+06	2.7003e+06	2.8363e+06
7	54	0	11123	6285	2314	2104	420	6400	6	0.0566038	3.6661e+06	3.8221e+06	2.7003e+06	2.8363e+06
7	55	0	11165	6400	2303	2036	426	6299	6	0.0566038	3.6661e+06	3.8101e+06	2.7003e+06	2.8523e+06
7	56	0	11205	6299	2373	2073	460	6317	7	0.0660377	3.6661e+06	3.8501e+06	2.7003e+06	2.8363e+06
7	57	0	11160	6317	2353	2057	433	6401	7	0.0660377	3.6661e+06	3.8501e+06	2.7003e+06	2.8363e+06
7	58	0	11146	6401	2259	1997	489	6405	5	0.0471698	3.6661e+06	3.8101e+06	2.7003e+06	2.8523e+06
7	59	0	11132	6405	2274	2040	413	6177	7	0.0660377	3.6661e+06	3.8501e+06	2.7003e+06	2.8363e+06
7	60	0	10946	6177	2359	1962	448	6223	7	0.0660377	3.6661e+06	3.8501e+06	2.7003e+06	2.8363e+06
7	61	0	11070	6223	2392	2023	432	6299	8	0.0754717	3.6661e+06	3.8501e+06	2.7003e+06	2.8523e+06
7	62	0	11013	6299	2228	2033	453	6442	7	0.0660377	3.6661e+06	3.8501e+06	2.7003e+06	2.8363e+06
7	63	0	11096	6442	2254	1935	465	6193	7	0.0660377	3.6661e+06	3.8501e+06	2.7003e+06	2.8363e+06
7	64	0	10941	6193	2381	1917	450	6242	8	0.0754717	3.6661e+06	3.8501e+06	2.7003e+06	2.8523e+06
7	65	0	11018	6242	2334	2014	428	6387	8	0.0754717	3.6661e+06	3.8501e+06	2.7003e+06	2.8523e+06
7	66	0	11334	6387	2446	2074	427	6315	7	0.0660377	3.6661e+06	3.8501e+06	2.7003e+06	2.8363e+06
7	67	0	11223	6315	2311	2123	474	6690	8	0.0754717	3.6661e+06	3.8501e+06	2.7003e+06	2.8523e+06
7	68	0	11481	6690	2268	2025	498	6402	8	0.0754717	3.6661e+06	3.8501e+06	2.7003e+06	2.8523e+06
7	69	0	11307	6402	2472	1981	452	6567	8	0.0754717	3.6661e+06	3.8501e+06	2.7003e+06	2.8523e+06
7	70	0	11472	6567	2351	2110	444	6551	8	0.0754717	3.6661e+06	3.8501e+06	2.7003e+06	2.8523e+06
7	71	0	11532	6551	2437	2096	448	6609	8	0.0754717	3.6661e+06	3.8501e+06	2.7003e+06	2.8523e+06
7	72	0	11646	6609	2480	2100	457	6677	8	0.0754717	3.6661e+06	3.8501e+06	2.7003e+06	2.8523e+06
7	73	0	11835	6677	2501	2181	476	6861	8	0.0754717	3.6661e+06	3.8501e+06	2.7003e+06	2.8523e+06
7	74	0	11988	6861	2455	2180	492	6997	8	0.0754717	3.6661e+06	3.8501e+06	2.7003e+06	2.8523e+06
7	75	0	12151	6997	2556	2111	487	6887	8	0.0754717	3.6661e+06	3.8501e+06	2.7003e+06	2.8523e+06
7	76	0	12107	6887	2582	2150	488	6964	8	0.0754717	3.6661e+06	3.8501e+06	2.7003e+06	2.8523e+06
7	77	0	12183	6964	2544	2209	466	7112	8	0.0754717	3.6661e+06	3.8501e+06	2.7003e+06	2.8523e+06
7	78	0	12422	7112	2662	2161	487	7044	8	0.0754717	3.6661e+06	3.8501e+06	2.7003e+06	2.8523e+06
7	79	0	12377	7044	2582	2286	465	7277	8	0.0754717	3.6661e+06	3.8501e+06	2.7003e+06	2.8523e+06
7	80	0	12603	7277	2631	2223	472	7201	8	0.0754717	3.6661e+06	3.8501e+06	2.7003e+06	2.8523e+06
7	81	0	12614	7201	2681	2247	485	7424	8	0.0754717	3.6661e+06	3.8501e+06	2.7003e+06	2.8523e+06
7	82	0	12925	7424	2757	2276	468	7423	9	0.0849057	3.6661e+06	3.8501e+06	2.6683e+06	2.8523e+06
7	83	0	13051	7423	2798	2317	513	7626	11	0.103774	3.6661e+06	3.8941e+06	2.6683e+06	2.8843e+06
7	84	0	13384	7626	2864	2389	505	7631	10	0.0943396	3.6661e+06	3.8941e+06	2.6683e+06	2.8523e+06
7	85	0	13352	7631	2803	2416	502	7639	11	0.103774	3.6661e+06	3.9981e+06	2.6683e+06	2.8523e+06
7	86	0	13504	7639	2923	2444	498	7687	12	0.113208	3.6661e+06	3.9981e+06	2.6683e+06	2.8843e+06
7	87	0	13580	7687	2840	2543	510	7947	12	0.113208	3.6661e+06	3.9981e+06	2.6683e+06	2.8843e+06
7	88	0	13816	7947	2812	2516	541	8173	13	0.122642	3.6661e+06	3.9981e+06	2.6683e+06	2.8843e+06
7	89	0	14108	8173	2918	2452	565	7708	12	0.113208	3.6661e+06	3.9981e+06	2.6683e+06	2.8843e+06
7	90	0	13683	7708	2982	2485	508	7959	13	0.122642	3.6661e+06	3.9981e+06	2.6683e+06	2.8843e+06
7	91	0	14010	7959	2920	2590	541	8080	13	0.122642	3.6661e+06	3.9981e+06	2.6683e+06	2.8843e+06
7	92	0	14132	8080	2988	2453	611	8128	13	0.122642	3.6661e+06	3.9981e+06	2.6683e+06	2.8843e+06
7	93	0	14259	8128	3028	2572	531	7954	13	0.122642	3.6661e+06	3.9981e+06	2.6683e+06	2.8843e+06
7	94	0	14111	7954	3023	2579	555	8344	13	0.122642	3.6661e+06	3.9981e+06	2.6683e+06	2.8843e+06
7	95	0	14631	8344	3083	2653	551	8361	14	0.132075	3.6661e+06	3.9981e+06	2.6683e+06	2.8843e+06
7	96	0	14642	8361	3053	2666	562	8586	15	0.141509	3.6661e+06	3.9981e+06	2.6683e+06	2.8843e+06
7	97	0	14913	8586	3142	2617	568	8296	16	0.150943	3.6661e+06	3.9981e+06	2.6603e+06	2.8843e+06
7	98	0	14761	8296	3218	2694	553	8694	14	0.132075	3.6661e+06	3.9981e+06	2.6683e+06	2.8843e+06
7	99	0	15111	8694	3060	2808	549	8691	15	0.141509	3.6661e+06	3.9981e+06	2.6683e+06	2.8843e+06
7	100	0	15195	8691	3275	2678	551	0	16	0.150943	3.6661e+06	3.9981e+06	2.6603e+06	2.8843e+06
8	0	0	40	0	0	20	20	205	1	0.00943396	3.6661e+06	3.7541e+06	2.7443e+06	2.7843e+06
8	1	0	218	205	0	2	11	75	1	0.00943396	3.6661e+06	3.7541e+06	2.7443e+06	2.7843e+06
8	2	0	160	75	82	0	3	18	1	0.00943396	3.6661e+06	3.7541e+06	2.7443e+06	2.7843e+06
8	3	0	95	18	32	45	0	184	1	0.00943396	3.6661e+06	3.7541e+06	2.7443e+06	2.7843e+06
8	4	0	234	184	9	31	10	183	1	0.00943396	3.6661e+06	3.7541e+06	2.7443e+06	2.7843e+06
8	5	0	278	183	78	11	6	72	1	0.00943396	3.6661e+06	3.7541e+06	2.7443e+06	2.7843e+06
8	6	0	201	72	78	47	4	232	1	0.00943396	3.6661e+06	3.7541e+06	2.7443e+06	2.7843e+06
8	7	0	339	232	30	65	12	372	1	0.00943396	3.6661e+06	3.7541e+06	2.7443e+06	2.7843e+06
8	8	0	514	372	91	40	11	238	1	0.00943396	3.6661e+06	3.7541e+06	2.7443e+06	2.7843e+06
8	9	0	466	238	149	67	12	344	1	0.00943396	3.6661e+06	3.7541e+06	2.7443e+06	2.7843e+06
8	10	0	575	344	117	100	14	498	1	0.00943396	3.6661e+06	3.7541e+06	2.7443e+06	2.7843e+06
8	11	0	763	498	147	98	20	505	1	0.00943396	3.6661e+06	3.7541e+06	2.7443e+06	2.7843e+06
8	12	0	865	505	217	130	13	523	1	0.00943396	3.6661e+06	3.7541e+06	2.7443e+06	2.7843e+06
8	13	0	931	523	205	177	26	856	1	0.00943396	3.6661e+06	3.7541e+06	2.7443e+06	2.7843e+06
8	14	0	1263	856	208	167	32	770	1	0.00943396	3.6661e+06	3.7541e+06	2.7443e+06	2.7843e+06
8	15	0	1319	770	355	162	32	786	1	0.00943396	3.6661e+06	3.7541e+06	2.7443e+06	2.7843e+06
8	16	0	1426	786	340	266	34	1120	1	0.00943396	3.6661e+06	3.7541e+06	2.7443e+06	2.7843e+06
8	17	0	1799	1120	344	271	64	1242	1	0.00943396	3.6661e+06	3.7541e+06	2.7443e+06	2.7843e+06
8	18	0	2103	1242	492	304	65	1294	1	0.00943396	3.6661e+06	3.7541e+06	2.7443e+06	2.7843e+06
8	19	0	2275	1294	502	412	67	1709	2	0.0188679	3.6661e+06	3.7541e+06	2.7003e+06	2.7843e+06
8	20	0	2801	1709	572	433	87	1715	2	0.0188679	3.6661e+06	3.7541e+06	2.7003e+06	2.7843e+06
8	21	0	2983	1715	687	475	106	1855	2	0.0188679	3.6661e+06	3.7541e+06	2.7003e+06	2.7843e+06
8	22	0	3243	1855	710	555	123	2170	2	0.0188679	3.6661e+06	3.7541e+06	2.7003e+06	2.7843e+06
8	23	0	3652	2170	787	581	114	2045	3	0.0283019	3.6661e+06	3.7861e+06	2.7003e+06	2.7843e+06
8	24	0	3667	2045	873	631	118	2236	4	0.0377358	3.6661e+06	3.7861e+06	2.7003e+06	2.8043e+06
8	25	0	3933	2236	841	723	133	2543	4	0.0377358	3.6661e+06	3.7861e+06	2.7003e+06	2.8043e+06
8	26	0	4351	2543	924	737	147	2428	4	0.0377358	3.6661e+06	3.7861e+06	2.7003e+06	2.8043e+06
8	27	0	4404	2428	1054	765	157	2622	4	0.0377358	3.6661e+06	3.7861e+06	2.7003e+06	2.8043e+06
8	28	0	4709	2622	1030	905	152	3016	4	0.0377358	3.6661e+06	3.7861e+06	2.7003e+06	2.8043e+06
8	29	0	5134	3016	1022	899	197	3103	4	0.0377358	3.6661e+06	3.7861e+06	2.7003e+06	2.8043e+06
8	30	0	5328	3103	1168	851	206	3104	4	0.0377358	3.6661e+06	3.7861e+06	2.7003e+06	2.8043e+06
8	31	0	5515	3104	1283	940	188	3430	4	0.0377358	3.6661e+06	3.7861e+06	2.7003e+06	2.8043e+06
8	32	0	5940	3430	1237	1065	208	3818	4	0.0377358	3.6661e+06	3.7861e+06	2.7003e+06	2.8043e+06
8	33	0	6551	3818	1430	1109	194	3823	4	0.0377358	3.6661e+06	3.7861e+06	2.7003e+06	2.8043e+06
8	34	0	6699	3823	1487	1177	212	4115	4	0.0377358	3.6661e+06	3.7861e+06	2.7003e+06	2.8043e+06
8	35	0	7121	4115	1521	1220	265	4469	4	0.0377358	3.6661e+06	3.7861e+06	2.7003e+06	2.8043e+06
8	36	0	7741	4469	1746	1251	275	4573	4	0.0377358	3.6661e+06	3.7861e+06	2.7003e+06	2.8043e+06
8	37	0	8103	4573	1841	1417	272	4974	4	0.0377358	3.6661e+06	3.7861e+06	2.7003e+06	2.8043e+06
8	38	0	8777	4974	1915	1579	309	5287	4	0.0377358	3.6661e+06	3.7861e+06	2.7003e+06	2.8043e+06
8	39	0	9331	5287	2052	1654	338	5457	4	0.0377358	3.6661e+06	3.7861e+06	2.7003e+06	2.8043e+06
8	40	0	9590	5457	2047	1743	343	5725	4	0.0377358	3.6661e+06	3.7861e+06	2.7003e+06	2.8043e+06
8	41	0	10054	5725	2184	1762	383	5767	4	0.0377358	3.6661e+06	3.7861e+06	2.7003e+06	2.8043e+06
8	42	0	10238	5767	2269	1836	366	5911	5	0.0471698	3.6661e+06	3.7901e+06	2.7003e+06	2.8363e+06
8	43	0	10483	5911	2219	1973	380	6040	4	0.0377358	3.6661e+06	3.7861e+06	2.7003e+06	2.8043e+06
8	44	0	10634	6040	2237	1946	411	6188	4	0.0377358	3.6661e+06	3.7861e+06	2.7003e+06	2.8043e+06
8	45	0	10776	6188	2277	1872	439	6033	5	0.0471698	3.6661e+06	3.7901e+06	2.7003e+06	2.8363e+06
8	46	0	10714	6033	2334	1918	429	6125	5	0.0471698	3.6661e+06	3.7901e+06	2.7003e+06	2.8363e+06
8	47	0	10780	6125	2241	1973	441	6262	4	0.0377358	3.6661e+06	3.7861e+06	2.7003e+06	2.8043e+06
8	48	0	10932	6262	2262	1959	449	6283	5	0.0471698	3.6661e+06	3.7901e+06	2.7003e+06	2.8363e+06
8	49	0	11043	6283	2363	1980	417	6156	5	0.0471698	3.6661e+06	3.7901e+06	2.7003e+06	2.8363e+06
8	50	0	10926	6156	2298	2032	440	6303	5	0.0471698	3.6661e+06	3.7901e+06	2.7003e+06	2.8363e+06
8	51	0	11023	6303	2305	1971	444	6179	5	0.0471698	3.6661e+06	3.7901e+06	2.7003e+06	2.8363e+06
8	52	0	10918	6179	2352	1973	414	6264	5	0.0471698	3.6661e+06	3.7901e+06	2.7003e+06	2.8363e+06
8	53	0	11048	6264	2289	2072	423	6287	5	0.0471698	3.6661e+06	3.7901e+06	2.7003e+06	2.8363e+06
8	54	0	11060	6287	2342	2013	418	6165	5	0.0471698	3.6661e+06	3.7901e+06	2.7003e+06	2.8363e+06
8	55	0	10961	6165	2358	1970	468	6275	5	0.0471698	3.6661e+06	3.7901e+06	2.7003e+06	2.8363e+06
8	56	0	11036	6275	2249	2058	454	6431	5	0.0471698	3.6661e+06	3.7901e+06	2.7003e+06	2.8363e+06
8	57	0	11214	6431	2360	1963	460	6329	5	0.0471698	3.6661e+06	3.7901e+06	2.7003e+06	2.8363e+06
8	58	0	11143	6329	2417	1971	426	6165	5	0.0471698	3.6661e+06	3.7901e+06	2.7003e+06	2.8363e+06
8	59	0	11021	6165	2391	2042	423	6388	5	0.0471698	3.6661e+06	3.7901e+06	2.7003e+06	2.8363e+06
8	60	0	11152	6388	2279	2024	461	6617	5	0.0471698	3.6661e+06	3.7901e+06	2.7003e+06	2.8363e+06
8	61	0	11351	6617	2316	1945	473	6217	7	0.0660377	3.6661e+06	3.8501e+06	2.7003e+06	2.8523e+06
8	62	0	11140	6217	2465	1998	460	6423	7	0.0660377	3.6661e+06	3.8501e+06	2.7003e+06	2.8523e+06
8	63	0	11217	6423	2291	2077	426	6456	7	0.0660377	3.6661e+06	3.8501e+06	2.7003e+06	2.8523e+06
8	64	0	11248	6456	2368	1971	453	6280	6	0.0566038	3.6661e+06	3.8101e+06	2.7003e+06	2.8523e+06
8	65	0	11153	6280	2486	1971	416	6107	7	0.0660377	3.6661e+06	3.8501e+06	2.7003e+06	2.8523e+06
8	66	0	11042	6107	2414	2064	457	6689	7	0.0660377	3.6661e+06	3.8501e+06	2.7003e+06	2.8523e+06
8	67	0	11508	6689	2252	2129	438	6528	7	0.0660377	3.6661e+06	3.8501e+06	2.7003e+06	2.8523e+06
8	68	0	11425	6528	2508	1924	465	6192	7	0.0660377	3.6661e+06	3.8501e+06	2.7003e+06	2.8523e+06
8	69	0	11114	6192	2388	2089	445	6606	7	0.0660377	3.6661e+06	3.8501e+06	2.7003e+06	2.8523e+06
8	70	0	11488	6606	2356	2043	483	6666	7	0.0660377	3.6661e+06	3.8501e+06	2.7003e+06	2.8523e+06
8	71	0	11512	6666	2366	2042	438	6487	6	0.0566038	3.6661e+06	3.8101e+06	2.7003e+06	2.8523e+06
8	72	0	11469	6487	2505	2033	444	6624	7	0.0660377	3.6661e+06	3.8501e+06	2.7003e+06	2.8523e+06
8	73	0	11645	6624	2432	2151	438	6661	7	0.0660377	3.6661e+06	3.8501e+06	2.7003e+06	2.8523e+06
8	74	0	11731	6661	2506	2131	433	6755	7	0.0660377	3.6661e+06	3.8501e+06	2.7003e+06	2.8523e+06
8	75	0	11872	6755	2457	2199	461	6853	7	0.0660377	3.6661e+06	3.8501e+06	2.7003e+06	2.8523e+06
8	76	0	11936	6853	2506	2130	447	6705	7	0.0660377	3.6661e+06	3.8501e+06	2.7003e+06	2.8523e+06
8	77	0	11826	6705	2610	2078	433	6548	7	0.0660377	3.6661e+06	3.8501e+06	2.7003e+06	2.8523e+06
8	78	0	11813	6548	2588	2217	460	7271	8	0.0754717	3.6661e+06	3.8501e+06	2.7003e+06	2.8723e+06
8	79	0	12422	7271	2404	2243	504	7056	7	0.0660377	3.6661e+06	3.8501e+06	2.7003e+06	2.8523e+06
8	80	0	12317	7056	2662	2118	481	6752	7	0.0660377	3.6661e+06	3.8501e+06	2.7003e+06	2.8523e+06
8	81	0	12149	6752	2665	2264	468	7020	8	0.0754717	3.6661e+06	3.8501e+06	2.7003e+06	2.8723e+06
8	82	0	12381	7020	2528	2339	494	7297	8	0.0754717	3.6661e+06	3.8501e+06	2.7003e+06	2.8723e+06
8	83	0	12621	7297	2612	2185	527	6974	8	0.0754717	3.6661e+06	3.8501e+06	2.7003e+06	2.8723e+06
8	84	0	12474	6974	2717	2293	490	7301	8	0.0754717	3.6661e+06	3.8501e+06	2.7003e+06	2.8723e+06
8	85	0	12759	7301	2601	2378	479	7227	9	0.0849057	3.6661e+06	3.8501e+06	2.7003e+06	2.8843e+06
8	86	0	12779	7227	2810	2215	527	7155	8	0.0754717	3.6661e+06	3.8501e+06	2.7003e+06	2.8843e+06
8	87	0	12740	7155	2719	2352	514	7337	9	0.0849057	3.6661e+06	3.8501e+06	2.7003e+06	2.8843e+06
8	88	0	12925	7337	2717	2354	517	7504	9	0.0849057	3.6661e+06	3.8501e+06	2.7003e+06	2.8843e+06
8	89	0	13114	7504	2710	2404	496	7475	9	0.0849057	3.6661e+06	3.8501e+06	2.7003e+06	2.8843e+06
8	90	0	13061	7475	2735	2365	486	7338	9	0.0849057	3.6661e+06	3.8501e+06	2.7003e+06	2.8843e+06
8	91	0	12908	7338	2746	2318	506	7373	9	0.0849057	3.6661e+06	3.8501e+06	2.7003e+06	2.8843e+06
8	92	0	12985	7373	2780	2360	472	7363	9	0.0849057	3.6661e+06	3.8501e+06	2.7003e+06	2.8843e+06
8	93	0	13015	7363	2748	2379	525	7528	9	0.0849057	3.6661e+06	3.8501e+06	2.7003e+06	2.8843e+06
8	94	0	13087	7528	2694	2338	527	7440	9	0.0849057	3.6661e+06	3.8501e+06	2.7003e+06	2.8843e+06
8	95	0	13161	7440	2800	2380	541	7613	9	0.0849057	3.6661e+06	3.8501e+06	2.7003e+06	2.8843e+06
8	96	0	13401	7613	2848	2431	509	7463	9	0.0849057	3.6661e+06	3.8501e+06	2.7003e+06	2.8843e+06
8	97	0	13276	7463	2824	2451	538	7768	9	0.0849057	3.6661e+06	3.8501e+06	2.7003e+06	2.8843e+06
8	98	0	13539	7768	2766	2479	526	7872	10	0.0943396	3.6661e+06	3.8941e+06	2.7003e+06	2.8843e+06
8	99	0	13600	7872	2815	2373	540	7588	10	0.0943396	3.6661e+06	3.8501e+06	2.7003e+06	2.8843e+06
8	100	0	13388	7588	2900	2417	483	0	9	0.0849057	3.6661e+06	3.8501e+06	2.7003e+06	2.8843e+06
9	0	0	40	0	0	20	20	181	1	0.00943396	3.6661e+06	3.7541e+06	2.7443e+06	2.7843e+06
9	1	0	195	181	0	4	10	72	1	0.00943396	3.6661e+06	3.7541e+06	2.7443e+06	2.7843e+06
9	2	0	154	72	77	3	2	30	1	0.00943396	3.6661e+06	3.7541e+06	2.7443e+06	2.7843e+06
9	3	0	118	30	33	55	0	235	1	0.00943396	3.6661e+06	3.7541e+06	2.7443e+06	2.7843e+06
9	4	0	293	235	7	41	10	209	1	0.00943396	3.6661e+06	3.7541e+06	2.7443e+06	2.7843e+06
9	5	0	319	209	84	17	9	108	1	0.00943396	3.6661e+06	3.7541e+06	2.7443e+06	2.7843e+06
9	6	0	244	108	80	53	3	246	1	0.00943396	3.6661e+06	3.7541e+06	2.7443e+06	2.7843e+06
9	7	0	366	246	42	68	10	341	1	0.00943396	3.6661e+06	3.7541e+06	2.7443e+06	2.7843e+06
9	8	0	503	341	98	52	12	313	1	0.00943396	3.6661e+06	3.7541e+06	2.7443e+06	2.7843e+06
9	9	0	561	313	146	84	18	423	2	0.0188679	3.6661e+06	3.7541e+06	2.7003e+06	2.7843e+06
9	10	0	677	423	119	122	13	568	2	0.0188679	3.6661e+06	3.7541e+06	2.7003e+06	2.7843e+06
9	11	0	870	568	179	114	9	435	1	0.00943396	3.6661e+06	3.7541e+06	2.7443e+06	2.7843e+06
9	12	0	838	435	248	134	21	632	1	0.00943396	3.6661e+06	3.7541e+06	2.7443e+06	2.7843e+06
9	13	0	1023	632	171	197	23	843	1	0.00943396	3.6661e+06	3.7541e+06	2.7443e+06	2.7843e+06
9	14	0	1305	843	272	154	36	711	1	0.00943396	3.6661e+06	3.7541e+06	2.7443e+06	2.7843e+06
9	15	0	1317	711	350	213	43	1015	1	0.00943396	3.6661e+06	3.7541e+06	2.7443e+06	2.7843e+06
9	16	0	1666	1015	308	281	62	1306	1	0.00943396	3.6661e+06	3.7541e+06	2.7443e+06	2.7843e+06
9	17	0	2059	1306	415	278	60	1237	1	0.00943396	3.6661e+06	3.7541e+06	2.7443e+06	2.7843e+06
9	18	0	2183	1237	552	322	72	1411	1	0.00943396	3.6661e+06	3.7541e+06	2.7443e+06	2.7843e+06
9	19	0	2456	1411	543	432	70	1682	1	0.00943396	3.6661e+06	3.7541e+06	2.7443e+06	2.7843e+06
9	20	0	2844	1682	601	467	94	1862	1	0.00943396	3.6661e+06	3.7541e+06	2.7443e+06	2.7843e+06
9	21	0	3220	1862	718	524	116	2006	2	0.0188679	3.6661e+06	3.7541e+06	2.7003e+06	2.7843e+06
9	22	0	3467	2006	752	602	107	2121	2	0.0188679	3.6661e+06	3.7541e+06	2.7003e+06	2.7843e+06
9	23	0	3700	2121	809	616	154	2309	3	0.0283019	3.6661e+06	3.7861e+06	2.7003e+06	2.7843e+06
9	24	0	3966	2309	852	669	136	2256	3	0.0283019	3.6661e+06	3.7861e+06	2.7003e+06	2.7843e+06
9	25	0	4034	2256	932	722	124	2455	3	0.0283019	3.6661e+06	3.7861e+06	2.7003e+06	2.7843e+06
9	26	0	4360	2455	954	805	146	2670	4	0.0377358	3.6661e+06	3.7861e+06	2.7003e+06	2.8043e+06
9	27	0	4599	2670	975	804	150	2732	4	0.0377358	3.6661e+06	3.7861e+06	2.7003e+06	2.8043e+06
9	28	0	4840	2732	1091	828	189	2931	4	0.0377358	3.6661e+06	3.7861e+06	2.7003e+06	2.8043e+06
9	29	0	5125	2931	1073	928	193	3249	4	0.0377358	3.6661e+06	3.7861e+06	2.7003e+06	2.8043e+06
9	30	0	5560	3249	1165	940	206	3340	4	0.0377358	3.6661e+06	3.7861e+06	2.7003e+06	2.8043e+06
9	31	0	5836	3340	1292	996	208	3540	4	0.0377358	3.6661e+06	3.7861e+06	2.7003e+06	2.8043e+06
9	32	0	6208	3540	1352	1098	218	3876	4	0.0377358	3.6661e+06	3.7861e+06	2.7003e+06	2.8043e+06
9	33	0	6682	3876	1447	1151	208	4000	4	0.0377358	3.6661e+06	3.7861e+06	2.7003e+06	2.8043e+06
9	34	0	7035	4000	1583	1203	249	4312	4	0.0377358	3.6661e+06	3.7861e+06	2.7003e+06	2.8043e+06
9	35	0	7586	4312	1660	1350	264	4736	4	0.0377358	3.6661e+06	3.7861e+06	2.7003e+06	2.8043e+06
9	36	0	8197	4736	1747	1419	295	5007	4	0.0377358	3.6661e+06	3.7861e+06	2.7003e+06	2.8043e+06
9	37	0	8745	5007	1949	1496	293	5052	4	0.0377358	3.6661e+06	3.7861e+06	2.7003e+06	2.8043e+06
9	38	0	9031	5052	2017	1658	304	5506	4	0.0377358	3.6661e+06	3.7861e+06	2.7003e+06	2.8043e+06
9	39	0	9634	5506	2077	1710	341	5479	4	0.0377358	3.6661e+06	3.7861e+06	2.7003e+06	2.8043e+06
9	40	0	9798	5479	2191	1764	364	5743	4	0.0377358	3.6661e+06	3.7861e+06	2.7003e+06	2.8043e+06
9	41	0	10183	5743	2209	1843	388	5875	4	0.0377358	3.6661e+06	3.7861e+06	2.7003e+06	2.8043e+06
9	42	0	10365	5875	2184	1882	424	6133	4	0.0377358	3.6661e+06	3.7861e+06	2.7003e+06	2.8043e+06
9	43	0	10637	6133	2235	1873	396	5915	4	0.0377358	3.6661e+06	3.7861e+06	2.7003e+06	2.8043e+06
9	44	0	10511	5915	2289	1877	430	6165	4	0.0377358	3.6661e+06	3.7861e+06	2.7003e+06	2.8043e+06
9	45	0	10829	6165	2238	2006	420	6285	4	0.0377358	3.6661e+06	3.7861e+06	2.7003e+06	2.8043e+06
9	46	0	10854	6285	2189	1963	417	6048	4	0.0377358	3.6661e+06	3.7861e+06	2.7003e+06	2.8043e+06
9	47	0	10819	6048	2421	1906	444	6033	4	0.0377358	3.6661e+06	3.7861e+06	2.7003e+06	2.8043e+06
9	48	0	10671	6033	2246	2007	385	6263	4	0.0377358	3.6661e+06	3.7861e+06	2.7003e+06	2.8043e+06
9	49	0	10914	6263	2272	1946	433	6228	4	0.0377358	3.6661e+06	3.7861e+06	2.7003e+06	2.8043e+06
9	50	0	10995	6228	2392	1952	423	6065	4	0.0377358	3.6661e+06	3.7861e+06	2.7003e+06	2.8043e+06
9	51	0	10818	6065	2288	2059	406	6402	4	0.0377358	3.6661e+06	3.7861e+06	2.7003e+06	2.8043e+06
9	52	0	11083	6402	2301	1969	411	6095	6	0.0566038	3.6661e+06	3.8501e+06	2.7003e+06	2.8363e+06
9	53	0	10818	6095	2335	1952	436	6154	5	0.0471698	3.6661e+06	3.7901e+06	2.7003e+06	2.8363e+06
9	54	0	10815	6154	2251	1968	442	6196	5	0.0471698	3.6661e+06	3.7901e+06	2.7003e+06	2.8363e+06
9	55	0	10966	6196	2325	1981	464	6427	4	0.0377358	3.6661e+06	3.7861e+06	2.7003e+06	2.8043e+06
9	56	0	11157	6427	2283	2014	433	6210	6	0.0566038	3.6661e+06	3.8101e+06	2.7003e+06	2.8523e+06
9	57	0	10971	6210	2338	1994	429	6213	5	0.0471698	3.6661e+06	3.7901e+06	2.7003e+06	2.8363e+06
9	58	0	11059	6213	2395	2021	430	6361	5	0.0471698	3.6661e+06	3.7901e+06	2.7003e+06	2.8363e+06
9	59	0	11103	6361	2241	2037	464	6415	6	0.0566038	3.6661e+06	3.8101e+06	2.7003e+06	2.8523e+06
9	60	0	11111	6415	2310	1962	424	6074	6	0.0566038	3.6661e+06	3.8101e+06	2.7003e+06	2.8523e+06
9	61	0	10835	6074	2353	1992	416	6359	5	0.0471698	3.6661e+06	3.7901e+06	2.7003e+06	2.8363e+06
9	62	0	11066	6359	2258	2046	403	6407	6	0.0566038	3.6661e+06	3.8101e+06	2.7003e+06	2.8523e+06
9	63	0	11165	6407	2330	2013	415	6083	5	0.0471698	3.6661e+06	3.7901e+06	2.7003e+06	2.8363e+06
9	64	0	10933	6083	2372	2045	433	6305	5	0.0471698	3.6661e+06	3.7901e+06	2.7003e+06	2.8363e+06
9	65	0	11032	6305	2232	2065	430	6417	5	0.0471698	3.6661e+06	3.7901e+06	2.7003e+06	2.8363e+06
9	66	0	11152	6417	2333	1960	442	6225	5	0.0471698	3.6661e+06	3.7901e+06	2.7003e+06	2.8363e+06
9	67	0	11044	6225	2376	2011	432	6254	5	0.0471698	3.6661e+06	3.7901e+06	2.7003e+06	2.8363e+06
9	68	0	10999	6254	2263	2044	438	6283	5	0.0471698	3.6661e+06	3.7901e+06	2.7003e+06	2.8363e+06
9	69	0	11044	6283	2304	2016	441	6395	6	0.0566038	3.6661e+06	3.8501e+06	2.7003e+06	2.8363e+06
9	70	0	11169	6395	2358	1996	420	6260	6	0.0566038	3.6661e+06	3.8501e+06	2.7003e+06	2.8363e+06
9	71	0	11131	6260	2434	2028	409	6344	6	0.0566038	3.6661e+06	3.8221e+06	2.7003e+06	2.8363e+06
9	72	0	11230	6344	2356	2095	435	6456	6	0.0566038	3.6661e+06	3.8501e+06	2.7003e+06	2.8363e+06
9	73	0	11264	6456	2327	2034	447	6385	6	0.0566038	3.6661e+06	3.8501e+06	2.7003e+06	2.8363e+06
9	74	0	11191	6385	2355	1987	464	6291	6	0.0566038	3.6661e+06	3.8221e+06	2.7003e+06	2.8363e+06
9	75	0	11199	6291	2413	2019	476	6415	7	0.0660377	3.6661e+06	3.8221e+06	2.7003e+06	2.8723e+06
9	76	0	11154	6415	2271	2014	454	6468	6	0.0566038	3.6661e+06	3.8501e+06	2.7003e+06	2.8363e+06
9	77	0	11201	6468	2374	1940	419	6193	7	0.0660377	3.6661e+06	3.8501e+06	2.7003e+06	2.8363e+06
9	78	0	11146	6193	2535	2006	412	6294	8	0.0754717	3.6661e+06	3.8221e+06	2.7003e+06	2.8723e+06
9	79	0	11237	6294	2356	2165	422	6846	8	0.0754717	3.6661e+06	3.8501e+06	2.7003e+06	2.8723e+06
9	80	0	11689	6846	2325	2073	445	6363	7	0.0660377	3.6661e+06	3.8501e+06	2.7003e+06	2.8363e+06
9	81	0	11270	6363	2492	1976	439	6340	8	0.0754717	3.6661e+06	3.8221e+06	2.7003e+06	2.8723e+06
9	82	0	11219	6340	2354	2075	450	6632	9	0.0849057	3.6661e+06	3.8501e+06	2.7003e+06	2.8723e+06
9	83	0	11619	6632	2441	2074	472	6688	9	0.0849057	3.6661e+06	3.8501e+06	2.7003e+06	2.8723e+06
9	84	0	11716	6688	2448	2097	483	6729	9	0.0849057	3.6661e+06	3.8501e+06	2.7003e+06	2.8723e+06
9	85	0	11716	6729	2448	2077	462	6695	9	0.0849057	3.6661e+06	3.8501e+06	2.7003e+06	2.8723e+06
9	86	0	11691	6695	2439	2092	465	6697	9	0.0849057	3.6661e+06	3.8501e+06	2.7003e+06	2.8723e+06
9	87	0	11613	6697	2425	2033	458	6713	9	0.0849057	3.6661e+06	3.8501e+06	2.7003e+06	2.8723e+06
9	88	0	11707	6713	2477	2058	459	6802	9	0.0849057	3.6661e+06	3.8501e+06	2.7003e+06	2.8723e+06
9	89	0	11934	6802	2563	2105	464	6890	9	0.0849057	3.6661e+06	3.8501e+06	2.7003e+06	2.8723e+06
9	90	0	12033	6890	2550	2130	463	6784	9	0.0849057	3.6661e+06	3.8501e+06	2.7003e+06	2.8723e+06
9	91	0	11959	6784	2595	2120	460	6820	9	0.0849057	3.6661e+06	3.8501e+06	2.7003e+06	2.8723e+06
9	92	0	12127	6820	2594	2278	435	7163	9	0.0849057	3.6661e+06	3.8501e+06	2.7003e+06	2.8723e+06
9	93	0	12420	7163	2533	2246	478	7053	9	0.0849057	3.6661e+06	3.8501e+06	2.7003e+06	2.8723e+06
9	94	0	12388	7053	2683	2177	475	7178	9	0.0849057	3.6661e+06	3.8501e+06	2.7003e+06	2.8723e+06
9	95	0	12584	7178	2668	2253	485	7336	10	0.0943396	3.6661e+06	3.8501e+06	2.7003e+06	2.8843e+06
9	96	0	12825	7336	2688	2283	518	7551	9	0.0849057	3.6661e+06	3.8501e+06	2.7003e+06	2.8723e+06
9	97	0	13232	7551	2805	2341	535	7564	9	0.0849057	3.6661e+06	3.8501e+06	2.7003e+06	2.8723e+06
9	98	0	13397	7564	2932	2400	501	7683	10	0.0943396	3.6661e+06	3.8501e+06	2.7003e+06	2.8843e+06
9	99	0	13660	7683	2904	2526	547	7969	10	0.0943396	3.6661e+06	3.8501e+06	2.6683e+06	2.8723e+06
9	100	0	13835	7969	2828	2553	485	0	11	0.103774	3.6661e+06	3.8501e+06	2.6683e+06	2.8843e+06
